49.9933 0.490824 -0.65448 -0.5625 90.75 0.490813 0.327219 0
49.9805 0.490698 -1.30885 -0.5625 91.5 0.490687 0.327135 0
49.959 0.490488 -1.96299 -0.5625 92.25 0.490477 0.326995 0
49.9291 0.490193 -2.6168 -0.5625 93 0.490183 0.326798 0
49.8905 0.489815 -3.27016 -0.5625 93.75 0.489804 0.326546 0
49.8435 0.489353 -3.92295 -0.5625 94.5 0.489342 0.326238 0
49.7878 0.488807 -4.57508 -0.5625 95.25 0.488796 0.325874 0
49.7237 0.488177 -5.22642 -0.5625 96 0.488166 0.325454 0
49.651 0.487464 -5.87687 -0.5625 96.75 0.487453 0.324979 0
49.5699 0.486667 -6.52631 -0.5625 97.5 0.486656 0.324447 0
49.4802 0.485786 -7.17463 -0.5625 98.25 0.485776 0.32386 0
49.974 1.47228 -0.65448 -1.6875 90.75 0.490813 0.327219 0
49.9612 1.4719 -1.30885 -1.6875 91.5 0.490687 0.327135 0
49.9398 1.47127 -1.96299 -1.6875 92.25 0.490477 0.326995 0
49.9098 1.47039 -2.6168 -1.6875 93 0.490183 0.326798 0
49.8713 1.46926 -3.27016 -1.6875 93.75 0.489804 0.326546 0
49.8242 1.46787 -3.92295 -1.6875 94.5 0.489342 0.326238 0
49.7687 1.46623 -4.57508 -1.6875 95.25 0.488796 0.325874 0
49.7045 1.46434 -5.22642 -1.6875 96 0.488166 0.325454 0
49.6319 1.4622 -5.87687 -1.6875 96.75 0.487453 0.324979 0
49.5507 1.45981 -6.52631 -1.6875 97.5 0.486656 0.324447 0
49.4611 1.45717 -7.17463 -1.6875 98.25 0.485776 0.32386 0
49.9355 2.45317 -0.65448 -2.8125 90.75 0.490813 0.327219 0
49.9227 2.45254 -1.30885 -2.8125 91.5 0.490687 0.327135 0
49.9013 2.45149 -1.96299 -2.8125 92.25 0.490477 0.326995 0
49.8713 2.45002 -2.6168 -2.8125 93 0.490183 0.326798 0
49.8328 2.44813 -3.27016 -2.8125 93.75 0.489804 0.326546 0
49.7858 2.44582 -3.92295 -2.8125 94.5 0.489342 0.326238 0
49.7303 2.44309 -4.57508 -2.8125 95.25 0.488796 0.325874 0
49.6662 2.43994 -5.22642 -2.8125 96 0.488166 0.325454 0
49.5936 2.43638 -5.87687 -2.8125 96.75 0.487453 0.324979 0
49.5125 2.43239 -6.52631 -2.8125 97.5 0.486656 0.324447 0
49.423 2.42799 -7.17463 -2.8125 98.25 0.485776 0.32386 0
49.8777 3.43312 -0.65448 -3.9375 90.75 0.490813 0.327219 0
49.8649 3.43224 -1.30885 -3.9375 91.5 0.490687 0.327135 0
49.8435 3.43077 -1.96299 -3.9375 92.25 0.490477 0.326995 0
49.8136 3.42871 -2.6168 -3.9375 93 0.490183 0.326798 0
49.7752 3.42606 -3.27016 -3.9375 93.75 0.489804 0.326546 0
49.7282 3.42283 -3.92295 -3.9375 94.5 0.489342 0.326238 0
49.6727 3.41901 -4.57508 -3.9375 95.25 0.488796 0.325874 0
49.6087 3.4146 -5.22642 -3.9375 96 0.488166 0.325454 0
49.5362 3.40961 -5.87687 -3.9375 96.75 0.487453 0.324979 0
49.4552 3.40404 -6.52631 -3.9375 97.5 0.486656 0.324447 0
49.3658 3.39788 -7.17463 -3.9375 98.25 0.485776 0.32386 0
49.8007 4.41174 -0.65448 -5.0625 90.75 0.490813 0.327219 0
49.7879 4.41061 -1.30885 -5.0625 91.5 0.490687 0.327135 0
49.7666 4.40872 -1.96299 -5.0625 92.25 0.490477 0.326995 0
49.7367 4.40607 -2.6168 -5.0625 93 0.490183 0.326798 0
49.6983 4.40267 -3.27016 -5.0625 93.75 0.489804 0.326546 0
49.6514 4.39852 -3.92295 -5.0625 94.5 0.489342 0.326238 0
49.596 4.39361 -4.57508 -5.0625 95.25 0.488796 0.325874 0
49.5321 4.38795 -5.22642 -5.0625 96 0.488166 0.325454 0
49.4597 4.38154 -5.87687 -5.0625 96.75 0.487453 0.324979 0
49.3789 4.37437 -6.52631 -5.0625 97.5 0.486656 0.324447 0
49.2895 4.36646 -7.17463 -5.0625 98.25 0.485776 0.32386 0
49.7045 5.38866 -0.65448 -6.1875 90.75 0.490813 0.327219 0
49.6917 5.38728 -1.30885 -6.1875 91.5 0.490687 0.327135 0
49.6704 5.38497 -1.96299 -6.1875 92.25 0.490477 0.326995 0
49.6406 5.38174 -2.6168 -6.1875 93 0.490183 0.326798 0
49.6023 5.37758 -3.27016 -6.1875 93.75 0.489804 0.326546 0
49.5555 5.37251 -3.92295 -6.1875 94.5 0.489342 0.326238 0
49.5002 5.36652 -4.57508 -6.1875 95.25 0.488796 0.325874 0
49.4364 5.3596 -5.22642 -6.1875 96 0.488166 0.325454 0
49.3642 5.35177 -5.87687 -6.1875 96.75 0.487453 0.324979 0
49.2835 5.34302 -6.52631 -6.1875 97.5 0.486656 0.324447 0
49.1943 5.33335 -7.17463 -6.1875 98.25 0.485776 0.32386 0
49.5891 6.3635 -0.65448 -7.3125 90.75 0.490813 0.327219 0
49.5763 6.36187 -1.30885 -7.3125 91.5 0.490687 0.327135 0
49.5551 6.35914 -1.96299 -7.3125 92.25 0.490477 0.326995 0
49.5254 6.35533 -2.6168 -7.3125 93 0.490183 0.326798 0
49.4872 6.35042 -3.27016 -7.3125 93.75 0.489804 0.326546 0
49.4405 6.34443 -3.92295 -7.3125 94.5 0.489342 0.326238 0
49.3853 6.33735 -4.57508 -7.3125 95.25 0.488796 0.325874 0
49.3217 6.32919 -5.22642 -7.3125 96 0.488166 0.325454 0
49.2496 6.31994 -5.87687 -7.3125 96.75 0.487453 0.324979 0
49.1691 6.3096 -6.52631 -7.3125 97.5 0.486656 0.324447 0
49.0801 6.29819 -7.17463 -7.3125 98.25 0.485776 0.32386 0
49.4546 7.3359 -0.65448 -8.4375 90.75 0.490813 0.327219 0
49.4419 7.33401 -1.30885 -8.4375 91.5 0.490687 0.327135 0
49.4207 7.33087 -1.96299 -8.4375 92.25 0.490477 0.326995 0
49.391 7.32647 -2.6168 -8.4375 93 0.490183 0.326798 0
49.3529 7.32082 -3.27016 -8.4375 93.75 0.489804 0.326546 0
49.3064 7.31391 -3.92295 -8.4375 94.5 0.489342 0.326238 0
49.2513 7.30575 -4.57508 -8.4375 95.25 0.488796 0.325874 0
49.1879 7.29633 -5.22642 -8.4375 96 0.488166 0.325454 0
49.116 7.28567 -5.87687 -8.4375 96.75 0.487453 0.324979 0
49.0357 7.27376 -6.52631 -8.4375 97.5 0.486656 0.324447 0
48.947 7.2606 -7.17463 -8.4375 98.25 0.485776 0.32386 0
49.301 8.30546 -0.65448 -9.5625 90.75 0.490813 0.327219 0
49.2884 8.30332 -1.30885 -9.5625 91.5 0.490687 0.327135 0
49.2672 8.29977 -1.96299 -9.5625 92.25 0.490477 0.326995 0
49.2377 8.29479 -2.6168 -9.5625 93 0.490183 0.326798 0
49.1997 8.28838 -3.27016 -9.5625 93.75 0.489804 0.326546 0
49.1533 8.28056 -3.92295 -9.5625 94.5 0.489342 0.326238 0
49.0984 8.27132 -4.57508 -9.5625 95.25 0.488796 0.325874 0
49.0351 8.26067 -5.22642 -9.5625 96 0.488166 0.325454 0
48.9635 8.24859 -5.87687 -9.5625 96.75 0.487453 0.324979 0
48.8834 8.23511 -6.52631 -9.5625 97.5 0.486656 0.324447 0
48.795 8.22021 -7.17463 -9.5625 98.25 0.485776 0.32386 0
49.1285 9.27182 -0.65448 -10.6875 90.75 0.490813 0.327219 0
49.1158 9.26943 -1.30885 -10.6875 91.5 0.490687 0.327135 0
49.0948 9.26546 -1.96299 -10.6875 92.25 0.490477 0.326995 0
49.0653 9.2599 -2.6168 -10.6875 93 0.490183 0.326798 0
49.0275 9.25276 -3.27016 -10.6875 93.75 0.489804 0.326546 0
48.9812 9.24403 -3.92295 -10.6875 94.5 0.489342 0.326238 0
48.9265 9.23371 -4.57508 -10.6875 95.25 0.488796 0.325874 0
48.8635 9.22182 -5.22642 -10.6875 96 0.488166 0.325454 0
48.7921 9.20834 -5.87687 -10.6875 96.75 0.487453 0.324979 0
48.7123 9.19328 -6.52631 -10.6875 97.5 0.486656 0.324447 0
48.6242 9.17665 -7.17463 -10.6875 98.25 0.485776 0.32386 0
48.9369 10.2346 -0.65448 -11.8125 90.75 0.490813 0.327219 0
48.9244 10.232 -1.30885 -11.8125 91.5 0.490687 0.327135 0
48.9034 10.2276 -1.96299 -11.8125 92.25 0.490477 0.326995 0
48.8741 10.2215 -2.6168 -11.8125 93 0.490183 0.326798 0
48.8364 10.2136 -3.27016 -11.8125 93.75 0.489804 0.326546 0
48.7903 10.2039 -3.92295 -11.8125 94.5 0.489342 0.326238 0
48.7358 10.1925 -4.57508 -11.8125 95.25 0.488796 0.325874 0
48.673 10.1794 -5.22642 -11.8125 96 0.488166 0.325454 0
48.6019 10.1645 -5.87687 -11.8125 96.75 0.487453 0.324979 0
48.5224 10.1479 -6.52631 -11.8125 97.5 0.486656 0.324447 0
48.4347 10.1296 -7.17463 -11.8125 98.25 0.485776 0.32386 0
48.7266 11.1934 -0.65448 -12.9375 90.75 0.490813 0.327219 0
48.714 11.1906 -1.30885 -12.9375 91.5 0.490687 0.327135 0
48.6932 11.1858 -1.96299 -12.9375 92.25 0.490477 0.326995 0
48.664 11.1791 -2.6168 -12.9375 93 0.490183 0.326798 0
48.6264 11.1704 -3.27016 -12.9375 93.75 0.489804 0.326546 0
48.5805 11.1599 -3.92295 -12.9375 94.5 0.489342 0.326238 0
48.5263 11.1474 -4.57508 -12.9375 95.25 0.488796 0.325874 0
48.4638 11.1331 -5.22642 -12.9375 96 0.488166 0.325454 0
48.393 11.1168 -5.87687 -12.9375 96.75 0.487453 0.324979 0
48.3138 11.0986 -6.52631 -12.9375 97.5 0.486656 0.324447 0
48.2264 11.0786 -7.17463 -12.9375 98.25 0.485776 0.32386 0
48.4974 12.148 -0.65448 -14.0625 90.75 0.490813 0.327219 0
48.4849 12.1448 -1.30885 -14.0625 91.5 0.490687 0.327135 0
48.4642 12.1396 -1.96299 -14.0625 92.25 0.490477 0.326995 0
48.4351 12.1324 -2.6168 -14.0625 93 0.490183 0.326798 0
48.3977 12.123 -3.27016 -14.0625 93.75 0.489804 0.326546 0
48.352 12.1116 -3.92295 -14.0625 94.5 0.489342 0.326238 0
48.2981 12.098 -4.57508 -14.0625 95.25 0.488796 0.325874 0
48.2359 12.0825 -5.22642 -14.0625 96 0.488166 0.325454 0
48.1654 12.0648 -5.87687 -14.0625 96.75 0.487453 0.324979 0
48.0866 12.0451 -6.52631 -14.0625 97.5 0.486656 0.324447 0
47.9996 12.0233 -7.17463 -14.0625 98.25 0.485776 0.32386 0
48.2495 13.0978 -0.65448 -15.1875 90.75 0.490813 0.327219 0
48.2371 13.0944 -1.30885 -15.1875 91.5 0.490687 0.327135 0
48.2165 13.0888 -1.96299 -15.1875 92.25 0.490477 0.326995 0
48.1876 13.081 -2.6168 -15.1875 93 0.490183 0.326798 0
48.1504 13.0709 -3.27016 -15.1875 93.75 0.489804 0.326546 0
48.1049 13.0586 -3.92295 -15.1875 94.5 0.489342 0.326238 0
48.0513 13.044 -4.57508 -15.1875 95.25 0.488796 0.325874 0
47.9893 13.0272 -5.22642 -15.1875 96 0.488166 0.325454 0
47.9192 13.0081 -5.87687 -15.1875 96.75 0.487453 0.324979 0
47.8409 12.9869 -6.52631 -15.1875 97.5 0.486656 0.324447 0
47.7543 12.9634 -7.17463 -15.1875 98.25 0.485776 0.32386 0
47.9831 14.0426 -0.65448 -16.3125 90.75 0.490813 0.327219 0
47.9708 14.039 -1.30885 -16.3125 91.5 0.490687 0.327135 0
47.9502 14.033 -1.96299 -16.3125 92.25 0.490477 0.326995 0
47.9214 14.0246 -2.6168 -16.3125 93 0.490183 0.326798 0
47.8845 14.0137 -3.27016 -16.3125 93.75 0.489804 0.326546 0
47.8393 14.0005 -3.92295 -16.3125 94.5 0.489342 0.326238 0
47.7859 13.9849 -4.57508 -16.3125 95.25 0.488796 0.325874 0
47.7243 13.9669 -5.22642 -16.3125 96 0.488166 0.325454 0
47.6546 13.9465 -5.87687 -16.3125 96.75 0.487453 0.324979 0
47.5767 13.9237 -6.52631 -16.3125 97.5 0.486656 0.324447 0
47.4906 13.8985 -7.17463 -16.3125 98.25 0.485776 0.32386 0
47.6981 14.982 -0.65448 -17.4375 90.75 0.490813 0.327219 0
47.6859 14.9781 -1.30885 -17.4375 91.5 0.490687 0.327135 0
47.6654 14.9717 -1.96299 -17.4375 92.25 0.490477 0.326995 0
47.6368 14.9627 -2.6168 -17.4375 93 0.490183 0.326798 0
47.6001 14.9512 -3.27016 -17.4375 93.75 0.489804 0.326546 0
47.5552 14.9371 -3.92295 -17.4375 94.5 0.489342 0.326238 0
47.5021 14.9204 -4.57508 -17.4375 95.25 0.488796 0.325874 0
47.4409 14.9012 -5.22642 -17.4375 96 0.488166 0.325454 0
47.3716 14.8794 -5.87687 -17.4375 96.75 0.487453 0.324979 0
47.2941 14.8551 -6.52631 -17.4375 97.5 0.486656 0.324447 0
47.2086 14.8282 -7.17463 -17.4375 98.25 0.485776 0.32386 0
47.3948 15.9156 -0.65448 -18.5625 90.75 0.490813 0.327219 0
47.3826 15.9115 -1.30885 -18.5625 91.5 0.490687 0.327135 0
47.3623 15.9047 -1.96299 -18.5625 92.25 0.490477 0.326995 0
47.3339 15.8951 -2.6168 -18.5625 93 0.490183 0.326798 0
47.2974 15.8829 -3.27016 -18.5625 93.75 0.489804 0.326546 0
47.2527 15.8679 -3.92295 -18.5625 94.5 0.489342 0.326238 0
47.2 15.8502 -4.57508 -18.5625 95.25 0.488796 0.325874 0
47.1392 15.8298 -5.22642 -18.5625 96 0.488166 0.325454 0
47.0703 15.8066 -5.87687 -18.5625 96.75 0.487453 0.324979 0
46.9933 15.7808 -6.52631 -18.5625 97.5 0.486656 0.324447 0
46.9083 15.7522 -7.17463 -18.5625 98.25 0.485776 0.32386 0
47.0732 16.843 -0.65448 -19.6875 90.75 0.490813 0.327219 0
47.0611 16.8387 -1.30885 -19.6875 91.5 0.490687 0.327135 0
47.0409 16.8315 -1.96299 -19.6875 92.25 0.490477 0.326995 0
47.0127 16.8214 -2.6168 -19.6875 93 0.490183 0.326798 0
46.9764 16.8084 -3.27016 -19.6875 93.75 0.489804 0.326546 0
46.9321 16.7926 -3.92295 -19.6875 94.5 0.489342 0.326238 0
46.8797 16.7738 -4.57508 -19.6875 95.25 0.488796 0.325874 0
46.8193 16.7522 -5.22642 -19.6875 96 0.488166 0.325454 0
46.7509 16.7277 -5.87687 -19.6875 96.75 0.487453 0.324979 0
46.6745 16.7004 -6.52631 -19.6875 97.5 0.486656 0.324447 0
46.59 16.6702 -7.17463 -19.6875 98.25 0.485776 0.32386 0
46.7334 17.764 -0.65448 -20.8125 90.75 0.490813 0.327219 0
46.7214 17.7595 -1.30885 -20.8125 91.5 0.490687 0.327135 0
46.7014 17.7518 -1.96299 -20.8125 92.25 0.490477 0.326995 0
46.6734 17.7412 -2.6168 -20.8125 93 0.490183 0.326798 0
46.6373 17.7275 -3.27016 -20.8125 93.75 0.489804 0.326546 0
46.5933 17.7108 -3.92295 -20.8125 94.5 0.489342 0.326238 0
46.5413 17.691 -4.57508 -20.8125 95.25 0.488796 0.325874 0
46.4814 17.6682 -5.22642 -20.8125 96 0.488166 0.325454 0
46.4134 17.6424 -5.87687 -20.8125 96.75 0.487453 0.324979 0
46.3376 17.6136 -6.52631 -20.8125 97.5 0.486656 0.324447 0
46.2537 17.5817 -7.17463 -20.8125 98.25 0.485776 0.32386 0
46.3756 18.6781 -0.65448 -21.9375 90.75 0.490813 0.327219 0
46.3637 18.6733 -1.30885 -21.9375 91.5 0.490687 0.327135 0
46.3438 18.6653 -1.96299 -21.9375 92.25 0.490477 0.326995 0
46.316 18.6541 -2.6168 -21.9375 93 0.490183 0.326798 0
46.2803 18.6398 -3.27016 -21.9375 93.75 0.489804 0.326546 0
46.2366 18.6222 -3.92295 -21.9375 94.5 0.489342 0.326238 0
46.185 18.6014 -4.57508 -21.9375 95.25 0.488796 0.325874 0
46.1255 18.5774 -5.22642 -21.9375 96 0.488166 0.325454 0
46.0581 18.5503 -5.87687 -21.9375 96.75 0.487453 0.324979 0
45.9828 18.5199 -6.52631 -21.9375 97.5 0.486656 0.324447 0
45.8996 18.4864 -7.17463 -21.9375 98.25 0.485776 0.32386 0
46 19.5851 -0.65448 -23.0625 90.75 0.490813 0.327219 0
45.9881 19.58 -1.30885 -23.0625 91.5 0.490687 0.327135 0
45.9684 19.5716 -1.96299 -23.0625 92.25 0.490477 0.326995 0
45.9409 19.5599 -2.6168 -23.0625 93 0.490183 0.326798 0
45.9054 19.5448 -3.27016 -23.0625 93.75 0.489804 0.326546 0
45.8621 19.5264 -3.92295 -23.0625 94.5 0.489342 0.326238 0
45.8109 19.5046 -4.57508 -23.0625 95.25 0.488796 0.325874 0
45.7519 19.4795 -5.22642 -23.0625 96 0.488166 0.325454 0
45.685 19.451 -5.87687 -23.0625 96.75 0.487453 0.324979 0
45.6103 19.4192 -6.52631 -23.0625 97.5 0.486656 0.324447 0
45.5278 19.3841 -7.17463 -23.0625 98.25 0.485776 0.32386 0
45.6066 20.4844 -0.65448 -24.1875 90.75 0.490813 0.327219 0
45.5948 20.4792 -1.30885 -24.1875 91.5 0.490687 0.327135 0
45.5753 20.4704 -1.96299 -24.1875 92.25 0.490477 0.326995 0
45.548 20.4581 -2.6168 -24.1875 93 0.490183 0.326798 0
45.5128 20.4423 -3.27016 -24.1875 93.75 0.489804 0.326546 0
45.4699 20.423 -3.92295 -24.1875 94.5 0.489342 0.326238 0
45.4191 20.4003 -4.57508 -24.1875 95.25 0.488796 0.325874 0
45.3606 20.374 -5.22642 -24.1875 96 0.488166 0.325454 0
45.2943 20.3442 -5.87687 -24.1875 96.75 0.487453 0.324979 0
45.2203 20.3109 -6.52631 -24.1875 97.5 0.486656 0.324447 0
45.1385 20.2742 -7.17463 -24.1875 98.25 0.485776 0.32386 0
45.1956 21.3759 -0.65448 -25.3125 90.75 0.490813 0.327219 0
45.184 21.3704 -1.30885 -25.3125 91.5 0.490687 0.327135 0
45.1646 21.3613 -1.96299 -25.3125 92.25 0.490477 0.326995 0
45.1375 21.3485 -2.6168 -25.3125 93 0.490183 0.326798 0
45.1027 21.332 -3.27016 -25.3125 93.75 0.489804 0.326546 0
45.0601 21.3119 -3.92295 -25.3125 94.5 0.489342 0.326238 0
45.0098 21.2881 -4.57508 -25.3125 95.25 0.488796 0.325874 0
44.9519 21.2606 -5.22642 -25.3125 96 0.488166 0.325454 0
44.8862 21.2296 -5.87687 -25.3125 96.75 0.487453 0.324979 0
44.8128 21.1949 -6.52631 -25.3125 97.5 0.486656 0.324447 0
44.7317 21.1565 -7.17463 -25.3125 98.25 0.485776 0.32386 0
44.7672 22.2592 -0.65448 -26.4375 90.75 0.490813 0.327219 0
44.7557 22.2534 -1.30885 -26.4375 91.5 0.490687 0.327135 0
44.7365 22.2439 -1.96299 -26.4375 92.25 0.490477 0.326995 0
44.7097 22.2306 -2.6168 -26.4375 93 0.490183 0.326798 0
44.6752 22.2134 -3.27016 -26.4375 93.75 0.489804 0.326546 0
44.633 22.1924 -3.92295 -26.4375 94.5 0.489342 0.326238 0
44.5832 22.1677 -4.57508 -26.4375 95.25 0.488796 0.325874 0
44.5258 22.1391 -5.22642 -26.4375 96 0.488166 0.325454 0
44.4607 22.1068 -5.87687 -26.4375 96.75 0.487453 0.324979 0
44.388 22.0706 -6.52631 -26.4375 97.5 0.486656 0.324447 0
44.3077 22.0307 -7.17463 -26.4375 98.25 0.485776 0.32386 0
44.3215 23.1338 -0.65448 -27.5625 90.75 0.490813 0.327219 0
44.3101 23.1279 -1.30885 -27.5625 91.5 0.490687 0.327135 0
44.2912 23.118 -1.96299 -27.5625 92.25 0.490477 0.326995 0
44.2646 23.1041 -2.6168 -27.5625 93 0.490183 0.326798 0
44.2304 23.0863 -3.27016 -27.5625 93.75 0.489804 0.326546 0
44.1887 23.0645 -3.92295 -27.5625 94.5 0.489342 0.326238 0
44.1394 23.0387 -4.57508 -27.5625 95.25 0.488796 0.325874 0
44.0825 23.0091 -5.22642 -27.5625 96 0.488166 0.325454 0
44.0181 22.9754 -5.87687 -27.5625 96.75 0.487453 0.324979 0
43.9461 22.9379 -6.52631 -27.5625 97.5 0.486656 0.324447 0
43.8666 22.8964 -7.17463 -27.5625 98.25 0.485776 0.32386 0
43.8588 23.9995 -0.65448 -28.6875 90.75 0.490813 0.327219 0
43.8475 23.9934 -1.30885 -28.6875 91.5 0.490687 0.327135 0
43.8287 23.9831 -1.96299 -28.6875 92.25 0.490477 0.326995 0
43.8024 23.9687 -2.6168 -28.6875 93 0.490183 0.326798 0
43.7686 23.9502 -3.27016 -28.6875 93.75 0.489804 0.326546 0
43.7273 23.9276 -3.92295 -28.6875 94.5 0.489342 0.326238 0
43.6785 23.9009 -4.57508 -28.6875 95.25 0.488796 0.325874 0
43.6223 23.8701 -5.22642 -28.6875 96 0.488166 0.325454 0
43.5585 23.8352 -5.87687 -28.6875 96.75 0.487453 0.324979 0
43.4873 23.7963 -6.52631 -28.6875 97.5 0.486656 0.324447 0
43.4086 23.7532 -7.17463 -28.6875 98.25 0.485776 0.32386 0
43.3791 24.856 -0.65448 -29.8125 90.75 0.490813 0.327219 0
43.368 24.8496 -1.30885 -29.8125 91.5 0.490687 0.327135 0
43.3494 24.839 -1.96299 -29.8125 92.25 0.490477 0.326995 0
43.3234 24.8241 -2.6168 -29.8125 93 0.490183 0.326798 0
43.29 24.8049 -3.27016 -29.8125 93.75 0.489804 0.326546 0
43.2491 24.7815 -3.92295 -29.8125 94.5 0.489342 0.326238 0
43.2009 24.7539 -4.57508 -29.8125 95.25 0.488796 0.325874 0
43.1452 24.722 -5.22642 -29.8125 96 0.488166 0.325454 0
43.0821 24.6859 -5.87687 -29.8125 96.75 0.487453 0.324979 0
43.0117 24.6455 -6.52631 -29.8125 97.5 0.486656 0.324447 0
42.9339 24.6009 -7.17463 -29.8125 98.25 0.485776 0.32386 0
42.8828 25.7029 -0.65448 -30.9375 90.75 0.490813 0.327219 0
42.8717 25.6963 -1.30885 -30.9375 91.5 0.490687 0.327135 0
42.8534 25.6853 -1.96299 -30.9375 92.25 0.490477 0.326995 0
42.8277 25.6699 -2.6168 -30.9375 93 0.490183 0.326798 0
42.7946 25.6501 -3.27016 -30.9375 93.75 0.489804 0.326546 0
42.7542 25.6259 -3.92295 -30.9375 94.5 0.489342 0.326238 0
42.7065 25.5973 -4.57508 -30.9375 95.25 0.488796 0.325874 0
42.6515 25.5643 -5.22642 -30.9375 96 0.488166 0.325454 0
42.5892 25.527 -5.87687 -30.9375 96.75 0.487453 0.324979 0
42.5195 25.4852 -6.52631 -30.9375 97.5 0.486656 0.324447 0
42.4426 25.4391 -7.17463 -30.9375 98.25 0.485776 0.32386 0
42.3698 26.5399 -0.65448 -32.0625 90.75 0.490813 0.327219 0
42.359 26.5331 -1.30885 -32.0625 91.5 0.490687 0.327135 0
42.3408 26.5217 -1.96299 -32.0625 92.25 0.490477 0.326995 0
42.3154 26.5058 -2.6168 -32.0625 93 0.490183 0.326798 0
42.2828 26.4854 -3.27016 -32.0625 93.75 0.489804 0.326546 0
42.2429 26.4604 -3.92295 -32.0625 94.5 0.489342 0.326238 0
42.1957 26.4309 -4.57508 -32.0625 95.25 0.488796 0.325874 0
42.1414 26.3968 -5.22642 -32.0625 96 0.488166 0.325454 0
42.0798 26.3582 -5.87687 -32.0625 96.75 0.487453 0.324979 0
42.011 26.3151 -6.52631 -32.0625 97.5 0.486656 0.324447 0
41.935 26.2675 -7.17463 -32.0625 98.25 0.485776 0.32386 0
41.8406 27.3667 -0.65448 -33.1875 90.75 0.490813 0.327219 0
41.8298 27.3597 -1.30885 -33.1875 91.5 0.490687 0.327135 0
41.8119 27.3479 -1.96299 -33.1875 92.25 0.490477 0.326995 0
41.7868 27.3315 -2.6168 -33.1875 93 0.490183 0.326798 0
41.7546 27.3104 -3.27016 -33.1875 93.75 0.489804 0.326546 0
41.7152 27.2847 -3.92295 -33.1875 94.5 0.489342 0.326238 0
41.6686 27.2542 -4.57508 -33.1875 95.25 0.488796 0.325874 0
41.615 27.2191 -5.22642 -33.1875 96 0.488166 0.325454 0
41.5541 27.1793 -5.87687 -33.1875 96.75 0.487453 0.324979 0
41.4862 27.1349 -6.52631 -33.1875 97.5 0.486656 0.324447 0
41.4112 27.0858 -7.17463 -33.1875 98.25 0.485776 0.32386 0
41.2952 28.1829 -0.65448 -34.3125 90.75 0.490813 0.327219 0
41.2846 28.1757 -1.30885 -34.3125 91.5 0.490687 0.327135 0
41.2669 28.1636 -1.96299 -34.3125 92.25 0.490477 0.326995 0
41.2422 28.1467 -2.6168 -34.3125 93 0.490183 0.326798 0
41.2103 28.125 -3.27016 -34.3125 93.75 0.489804 0.326546 0
41.1715 28.0984 -3.92295 -34.3125 94.5 0.489342 0.326238 0
41.1255 28.0671 -4.57508 -34.3125 95.25 0.488796 0.325874 0
41.0725 28.0309 -5.22642 -34.3125 96 0.488166 0.325454 0
41.0125 27.9899 -5.87687 -34.3125 96.75 0.487453 0.324979 0
40.9454 27.9442 -6.52631 -34.3125 97.5 0.486656 0.324447 0
40.8714 27.8936 -7.17463 -34.3125 98.25 0.485776 0.32386 0
40.7339 28.9882 -0.65448 -35.4375 90.75 0.490813 0.327219 0
40.7235 28.9808 -1.30885 -35.4375 91.5 0.490687 0.327135 0
40.706 28.9684 -1.96299 -35.4375 92.25 0.490477 0.326995 0
40.6816 28.951 -2.6168 -35.4375 93 0.490183 0.326798 0
40.6502 28.9287 -3.27016 -35.4375 93.75 0.489804 0.326546 0
40.6118 28.9014 -3.92295 -35.4375 94.5 0.489342 0.326238 0
40.5665 28.8691 -4.57508 -35.4375 95.25 0.488796 0.325874 0
40.5143 28.8319 -5.22642 -35.4375 96 0.488166 0.325454 0
40.4551 28.7898 -5.87687 -35.4375 96.75 0.487453 0.324979 0
40.3889 28.7427 -6.52631 -35.4375 97.5 0.486656 0.324447 0
40.3158 28.6907 -7.17463 -35.4375 98.25 0.485776 0.32386 0
40.1569 29.7824 -0.65448 -36.5625 90.75 0.490813 0.327219 0
40.1466 29.7748 -1.30885 -36.5625 91.5 0.490687 0.327135 0
40.1294 29.762 -1.96299 -36.5625 92.25 0.490477 0.326995 0
40.1053 29.7441 -2.6168 -36.5625 93 0.490183 0.326798 0
40.0744 29.7212 -3.27016 -36.5625 93.75 0.489804 0.326546 0
40.0366 29.6931 -3.92295 -36.5625 94.5 0.489342 0.326238 0
39.9919 29.66 -4.57508 -36.5625 95.25 0.488796 0.325874 0
39.9404 29.6218 -5.22642 -36.5625 96 0.488166 0.325454 0
39.882 29.5785 -5.87687 -36.5625 96.75 0.487453 0.324979 0
39.8168 29.5302 -6.52631 -36.5625 97.5 0.486656 0.324447 0
39.7448 29.4767 -7.17463 -36.5625 98.25 0.485776 0.32386 0
39.5645 30.5651 -0.65448 -37.6875 90.75 0.490813 0.327219 0
39.5543 30.5572 -1.30885 -37.6875 91.5 0.490687 0.327135 0
39.5373 30.5442 -1.96299 -37.6875 92.25 0.490477 0.326995 0
39.5136 30.5258 -2.6168 -37.6875 93 0.490183 0.326798 0
39.4831 30.5023 -3.27016 -37.6875 93.75 0.489804 0.326546 0
39.4459 30.4735 -3.92295 -37.6875 94.5 0.489342 0.326238 0
39.4019 30.4395 -4.57508 -37.6875 95.25 0.488796 0.325874 0
39.3511 30.4003 -5.22642 -37.6875 96 0.488166 0.325454 0
39.2936 30.3558 -5.87687 -37.6875 96.75 0.487453 0.324979 0
39.2293 30.3062 -6.52631 -37.6875 97.5 0.486656 0.324447 0
39.1584 30.2514 -7.17463 -37.6875 98.25 0.485776 0.32386 0
38.9567 31.336 -0.65448 -38.8125 90.75 0.490813 0.327219 0
38.9467 31.328 -1.30885 -38.8125 91.5 0.490687 0.327135 0
38.93 31.3145 -1.96299 -38.8125 92.25 0.490477 0.326995 0
38.9067 31.2957 -2.6168 -38.8125 93 0.490183 0.326798 0
38.8766 31.2716 -3.27016 -38.8125 93.75 0.489804 0.326546 0
38.84 31.2421 -3.92295 -38.8125 94.5 0.489342 0.326238 0
38.7966 31.2072 -4.57508 -38.8125 95.25 0.488796 0.325874 0
38.7466 31.167 -5.22642 -38.8125 96 0.488166 0.325454 0
38.69 31.1215 -5.87687 -38.8125 96.75 0.487453 0.324979 0
38.6268 31.0706 -6.52631 -38.8125 97.5 0.486656 0.324447 0
38.5569 31.0144 -7.17463 -38.8125 98.25 0.485776 0.32386 0
38.334 32.0948 -0.65448 -39.9375 90.75 0.490813 0.327219 0
38.3241 32.0866 -1.30885 -39.9375 91.5 0.490687 0.327135 0
38.3077 32.0728 -1.96299 -39.9375 92.25 0.490477 0.326995 0
38.2847 32.0536 -2.6168 -39.9375 93 0.490183 0.326798 0
38.2552 32.0289 -3.27016 -39.9375 93.75 0.489804 0.326546 0
38.2191 31.9986 -3.92295 -39.9375 94.5 0.489342 0.326238 0
38.1764 31.9629 -4.57508 -39.9375 95.25 0.488796 0.325874 0
38.1272 31.9217 -5.22642 -39.9375 96 0.488166 0.325454 0
38.0715 31.8751 -5.87687 -39.9375 96.75 0.487453 0.324979 0
38.0093 31.823 -6.52631 -39.9375 97.5 0.486656 0.324447 0
37.9405 31.7654 -7.17463 -39.9375 98.25 0.485776 0.32386 0
37.6964 32.8413 -0.65448 -41.0625 90.75 0.490813 0.327219 0
37.6868 32.8328 -1.30885 -41.0625 91.5 0.490687 0.327135 0
37.6706 32.8188 -1.96299 -41.0625 92.25 0.490477 0.326995 0
37.648 32.7991 -2.6168 -41.0625 93 0.490183 0.326798 0
37.619 32.7738 -3.27016 -41.0625 93.75 0.489804 0.326546 0
37.5835 32.7428 -3.92295 -41.0625 94.5 0.489342 0.326238 0
37.5415 32.7063 -4.57508 -41.0625 95.25 0.488796 0.325874 0
37.4932 32.6642 -5.22642 -41.0625 96 0.488166 0.325454 0
37.4384 32.6164 -5.87687 -41.0625 96.75 0.487453 0.324979 0
37.3771 32.5631 -6.52631 -41.0625 97.5 0.486656 0.324447 0
37.3095 32.5042 -7.17463 -41.0625 98.25 0.485776 0.32386 0
37.0444 33.5751 -0.65448 -42.1875 90.75 0.490813 0.327219 0
37.0349 33.5664 -1.30885 -42.1875 91.5 0.490687 0.327135 0
37.019 33.5521 -1.96299 -42.1875 92.25 0.490477 0.326995 0
36.9968 33.5319 -2.6168 -42.1875 93 0.490183 0.326798 0
36.9682 33.5061 -3.27016 -42.1875 93.75 0.489804 0.326546 0
36.9334 33.4744 -3.92295 -42.1875 94.5 0.489342 0.326238 0
36.8921 33.4371 -4.57508 -42.1875 95.25 0.488796 0.325874 0
36.8446 33.394 -5.22642 -42.1875 96 0.488166 0.325454 0
36.7908 33.3452 -5.87687 -42.1875 96.75 0.487453 0.324979 0
36.7306 33.2907 -6.52631 -42.1875 97.5 0.486656 0.324447 0
36.6642 33.2305 -7.17463 -42.1875 98.25 0.485776 0.32386 0
36.378 34.2959 -0.65448 -43.3125 90.75 0.490813 0.327219 0
36.3687 34.2871 -1.30885 -43.3125 91.5 0.490687 0.327135 0
36.3531 34.2724 -1.96299 -43.3125 92.25 0.490477 0.326995 0
36.3313 34.2519 -2.6168 -43.3125 93 0.490183 0.326798 0
36.3033 34.2254 -3.27016 -43.3125 93.75 0.489804 0.326546 0
36.269 34.1931 -3.92295 -43.3125 94.5 0.489342 0.326238 0
36.2285 34.155 -4.57508 -43.3125 95.25 0.488796 0.325874 0
36.1819 34.111 -5.22642 -43.3125 96 0.488166 0.325454 0
36.129 34.0611 -5.87687 -43.3125 96.75 0.487453 0.324979 0
36.0699 34.0054 -6.52631 -43.3125 97.5 0.486656 0.324447 0
36.0047 33.9439 -7.17463 -43.3125 98.25 0.485776 0.32386 0
35.6977 35.0035 -0.65448 -44.4375 90.75 0.490813 0.327219 0
35.6885 34.9945 -1.30885 -44.4375 91.5 0.490687 0.327135 0
35.6732 34.9796 -1.96299 -44.4375 92.25 0.490477 0.326995 0
35.6518 34.9586 -2.6168 -44.4375 93 0.490183 0.326798 0
35.6243 34.9316 -3.27016 -44.4375 93.75 0.489804 0.326546 0
35.5907 34.8986 -3.92295 -44.4375 94.5 0.489342 0.326238 0
35.551 34.8597 -4.57508 -44.4375 95.25 0.488796 0.325874 0
35.5052 34.8148 -5.22642 -44.4375 96 0.488166 0.325454 0
35.4533 34.7639 -5.87687 -44.4375 96.75 0.487453 0.324979 0
35.3953 34.7071 -6.52631 -44.4375 97.5 0.486656 0.324447 0
35.3313 34.6443 -7.17463 -44.4375 98.25 0.485776 0.32386 0
35.0035 35.6977 -0.65448 -45.5625 90.75 0.490813 0.327219 0
34.9945 35.6885 -1.30885 -45.5625 91.5 0.490687 0.327135 0
34.9796 35.6732 -1.96299 -45.5625 92.25 0.490477 0.326995 0
34.9586 35.6518 -2.6168 -45.5625 93 0.490183 0.326798 0
34.9316 35.6243 -3.27016 -45.5625 93.75 0.489804 0.326546 0
34.8986 35.5907 -3.92295 -45.5625 94.5 0.489342 0.326238 0
34.8597 35.551 -4.57508 -45.5625 95.25 0.488796 0.325874 0
34.8148 35.5052 -5.22642 -45.5625 96 0.488166 0.325454 0
34.7639 35.4533 -5.87687 -45.5625 96.75 0.487453 0.324979 0
34.7071 35.3953 -6.52631 -45.5625 97.5 0.486656 0.324447 0
34.6443 35.3313 -7.17463 -45.5625 98.25 0.485776 0.32386 0
34.2959 36.378 -0.65448 -46.6875 90.75 0.490813 0.327219 0
34.2871 36.3687 -1.30885 -46.6875 91.5 0.490687 0.327135 0
34.2724 36.3531 -1.96299 -46.6875 92.25 0.490477 0.326995 0
34.2519 36.3313 -2.6168 -46.6875 93 0.490183 0.326798 0
34.2254 36.3033 -3.27016 -46.6875 93.75 0.489804 0.326546 0
34.1931 36.269 -3.92295 -46.6875 94.5 0.489342 0.326238 0
34.155 36.2285 -4.57508 -46.6875 95.25 0.488796 0.325874 0
34.111 36.1819 -5.22642 -46.6875 96 0.488166 0.325454 0
34.0611 36.129 -5.87687 -46.6875 96.75 0.487453 0.324979 0
34.0054 36.0699 -6.52631 -46.6875 97.5 0.486656 0.324447 0
33.9439 36.0047 -7.17463 -46.6875 98.25 0.485776 0.32386 0
33.5751 37.0444 -0.65448 -47.8125 90.75 0.490813 0.327219 0
33.5664 37.0349 -1.30885 -47.8125 91.5 0.490687 0.327135 0
33.5521 37.019 -1.96299 -47.8125 92.25 0.490477 0.326995 0
33.5319 36.9968 -2.6168 -47.8125 93 0.490183 0.326798 0
33.5061 36.9682 -3.27016 -47.8125 93.75 0.489804 0.326546 0
33.4744 36.9334 -3.92295 -47.8125 94.5 0.489342 0.326238 0
33.4371 36.8921 -4.57508 -47.8125 95.25 0.488796 0.325874 0
33.394 36.8446 -5.22642 -47.8125 96 0.488166 0.325454 0
33.3452 36.7908 -5.87687 -47.8125 96.75 0.487453 0.324979 0
33.2907 36.7306 -6.52631 -47.8125 97.5 0.486656 0.324447 0
33.2305 36.6642 -7.17463 -47.8125 98.25 0.485776 0.32386 0
32.8413 37.6964 -0.65448 -48.9375 90.75 0.490813 0.327219 0
32.8328 37.6868 -1.30885 -48.9375 91.5 0.490687 0.327135 0
32.8188 37.6706 -1.96299 -48.9375 92.25 0.490477 0.326995 0
32.7991 37.648 -2.6168 -48.9375 93 0.490183 0.326798 0
32.7738 37.619 -3.27016 -48.9375 93.75 0.489804 0.326546 0
32.7428 37.5835 -3.92295 -48.9375 94.5 0.489342 0.326238 0
32.7063 37.5415 -4.57508 -48.9375 95.25 0.488796 0.325874 0
32.6642 37.4932 -5.22642 -48.9375 96 0.488166 0.325454 0
32.6164 37.4384 -5.87687 -48.9375 96.75 0.487453 0.324979 0
32.5631 37.3771 -6.52631 -48.9375 97.5 0.486656 0.324447 0
32.5042 37.3095 -7.17463 -48.9375 98.25 0.485776 0.32386 0
32.0948 38.334 -0.65448 -50.0625 90.75 0.490813 0.327219 0
32.0866 38.3241 -1.30885 -50.0625 91.5 0.490687 0.327135 0
32.0728 38.3077 -1.96299 -50.0625 92.25 0.490477 0.326995 0
32.0536 38.2847 -2.6168 -50.0625 93 0.490183 0.326798 0
32.0289 38.2552 -3.27016 -50.0625 93.75 0.489804 0.326546 0
31.9986 38.2191 -3.92295 -50.0625 94.5 0.489342 0.326238 0
31.9629 38.1764 -4.57508 -50.0625 95.25 0.488796 0.325874 0
31.9217 38.1272 -5.22642 -50.0625 96 0.488166 0.325454 0
31.8751 38.0715 -5.87687 -50.0625 96.75 0.487453 0.324979 0
31.823 38.0093 -6.52631 -50.0625 97.5 0.486656 0.324447 0
31.7654 37.9405 -7.17463 -50.0625 98.25 0.485776 0.32386 0
31.336 38.9567 -0.65448 -51.1875 90.75 0.490813 0.327219 0
31.328 38.9467 -1.30885 -51.1875 91.5 0.490687 0.327135 0
31.3145 38.93 -1.96299 -51.1875 92.25 0.490477 0.326995 0
31.2957 38.9067 -2.6168 -51.1875 93 0.490183 0.326798 0
31.2716 38.8766 -3.27016 -51.1875 93.75 0.489804 0.326546 0
31.2421 38.84 -3.92295 -51.1875 94.5 0.489342 0.326238 0
31.2072 38.7966 -4.57508 -51.1875 95.25 0.488796 0.325874 0
31.167 38.7466 -5.22642 -51.1875 96 0.488166 0.325454 0
31.1215 38.69 -5.87687 -51.1875 96.75 0.487453 0.324979 0
31.0706 38.6268 -6.52631 -51.1875 97.5 0.486656 0.324447 0
31.0144 38.5569 -7.17463 -51.1875 98.25 0.485776 0.32386 0
30.5651 39.5645 -0.65448 -52.3125 90.75 0.490813 0.327219 0
30.5572 39.5543 -1.30885 -52.3125 91.5 0.490687 0.327135 0
30.5442 39.5373 -1.96299 -52.3125 92.25 0.490477 0.326995 0
30.5258 39.5136 -2.6168 -52.3125 93 0.490183 0.326798 0
30.5023 39.4831 -3.27016 -52.3125 93.75 0.489804 0.326546 0
30.4735 39.4459 -3.92295 -52.3125 94.5 0.489342 0.326238 0
30.4395 39.4019 -4.57508 -52.3125 95.25 0.488796 0.325874 0
30.4003 39.3511 -5.22642 -52.3125 96 0.488166 0.325454 0
30.3558 39.2936 -5.87687 -52.3125 96.75 0.487453 0.324979 0
30.3062 39.2293 -6.52631 -52.3125 97.5 0.486656 0.324447 0
30.2514 39.1584 -7.17463 -52.3125 98.25 0.485776 0.32386 0
29.7824 40.1569 -0.65448 -53.4375 90.75 0.490813 0.327219 0
29.7748 40.1466 -1.30885 -53.4375 91.5 0.490687 0.327135 0
29.762 40.1294 -1.96299 -53.4375 92.25 0.490477 0.326995 0
29.7441 40.1053 -2.6168 -53.4375 93 0.490183 0.326798 0
29.7212 40.0744 -3.27016 -53.4375 93.75 0.489804 0.326546 0
29.6931 40.0366 -3.92295 -53.4375 94.5 0.489342 0.326238 0
29.66 39.9919 -4.57508 -53.4375 95.25 0.488796 0.325874 0
29.6218 39.9404 -5.22642 -53.4375 96 0.488166 0.325454 0
29.5785 39.882 -5.87687 -53.4375 96.75 0.487453 0.324979 0
29.5302 39.8168 -6.52631 -53.4375 97.5 0.486656 0.324447 0
29.4767 39.7448 -7.17463 -53.4375 98.25 0.485776 0.32386 0
28.9882 40.7339 -0.65448 -54.5625 90.75 0.490813 0.327219 0
28.9808 40.7235 -1.30885 -54.5625 91.5 0.490687 0.327135 0
28.9684 40.706 -1.96299 -54.5625 92.25 0.490477 0.326995 0
28.951 40.6816 -2.6168 -54.5625 93 0.490183 0.326798 0
28.9287 40.6502 -3.27016 -54.5625 93.75 0.489804 0.326546 0
28.9014 40.6118 -3.92295 -54.5625 94.5 0.489342 0.326238 0
28.8691 40.5665 -4.57508 -54.5625 95.25 0.488796 0.325874 0
28.8319 40.5143 -5.22642 -54.5625 96 0.488166 0.325454 0
28.7898 40.4551 -5.87687 -54.5625 96.75 0.487453 0.324979 0
28.7427 40.3889 -6.52631 -54.5625 97.5 0.486656 0.324447 0
28.6907 40.3158 -7.17463 -54.5625 98.25 0.485776 0.32386 0
28.1829 41.2952 -0.65448 -55.6875 90.75 0.490813 0.327219 0
28.1757 41.2846 -1.30885 -55.6875 91.5 0.490687 0.327135 0
28.1636 41.2669 -1.96299 -55.6875 92.25 0.490477 0.326995 0
28.1467 41.2422 -2.6168 -55.6875 93 0.490183 0.326798 0
28.125 41.2103 -3.27016 -55.6875 93.75 0.489804 0.326546 0
28.0984 41.1715 -3.92295 -55.6875 94.5 0.489342 0.326238 0
28.0671 41.1255 -4.57508 -55.6875 95.25 0.488796 0.325874 0
28.0309 41.0725 -5.22642 -55.6875 96 0.488166 0.325454 0
27.9899 41.0125 -5.87687 -55.6875 96.75 0.487453 0.324979 0
27.9442 40.9454 -6.52631 -55.6875 97.5 0.486656 0.324447 0
27.8936 40.8714 -7.17463 -55.6875 98.25 0.485776 0.32386 0
27.3667 41.8406 -0.65448 -56.8125 90.75 0.490813 0.327219 0
27.3597 41.8298 -1.30885 -56.8125 91.5 0.490687 0.327135 0
27.3479 41.8119 -1.96299 -56.8125 92.25 0.490477 0.326995 0
27.3315 41.7868 -2.6168 -56.8125 93 0.490183 0.326798 0
27.3104 41.7546 -3.27016 -56.8125 93.75 0.489804 0.326546 0
27.2847 41.7152 -3.92295 -56.8125 94.5 0.489342 0.326238 0
27.2542 41.6686 -4.57508 -56.8125 95.25 0.488796 0.325874 0
27.2191 41.615 -5.22642 -56.8125 96 0.488166 0.325454 0
27.1793 41.5541 -5.87687 -56.8125 96.75 0.487453 0.324979 0
27.1349 41.4862 -6.52631 -56.8125 97.5 0.486656 0.324447 0
27.0858 41.4112 -7.17463 -56.8125 98.25 0.485776 0.32386 0
26.5399 42.3698 -0.65448 -57.9375 90.75 0.490813 0.327219 0
26.5331 42.359 -1.30885 -57.9375 91.5 0.490687 0.327135 0
26.5217 42.3408 -1.96299 -57.9375 92.25 0.490477 0.326995 0
26.5058 42.3154 -2.6168 -57.9375 93 0.490183 0.326798 0
26.4854 42.2828 -3.27016 -57.9375 93.75 0.489804 0.326546 0
26.4604 42.2429 -3.92295 -57.9375 94.5 0.489342 0.326238 0
26.4309 42.1957 -4.57508 -57.9375 95.25 0.488796 0.325874 0
26.3968 42.1414 -5.22642 -57.9375 96 0.488166 0.325454 0
26.3582 42.0798 -5.87687 -57.9375 96.75 0.487453 0.324979 0
26.3151 42.011 -6.52631 -57.9375 97.5 0.486656 0.324447 0
26.2675 41.935 -7.17463 -57.9375 98.25 0.485776 0.32386 0
25.7029 42.8828 -0.65448 -59.0625 90.75 0.490813 0.327219 0
25.6963 42.8717 -1.30885 -59.0625 91.5 0.490687 0.327135 0
25.6853 42.8534 -1.96299 -59.0625 92.25 0.490477 0.326995 0
25.6699 42.8277 -2.6168 -59.0625 93 0.490183 0.326798 0
25.6501 42.7946 -3.27016 -59.0625 93.75 0.489804 0.326546 0
25.6259 42.7542 -3.92295 -59.0625 94.5 0.489342 0.326238 0
25.5973 42.7065 -4.57508 -59.0625 95.25 0.488796 0.325874 0
25.5643 42.6515 -5.22642 -59.0625 96 0.488166 0.325454 0
25.527 42.5892 -5.87687 -59.0625 96.75 0.487453 0.324979 0
25.4852 42.5195 -6.52631 -59.0625 97.5 0.486656 0.324447 0
25.4391 42.4426 -7.17463 -59.0625 98.25 0.485776 0.32386 0
24.856 43.3791 -0.65448 -60.1875 90.75 0.490813 0.327219 0
24.8496 43.368 -1.30885 -60.1875 91.5 0.490687 0.327135 0
24.839 43.3494 -1.96299 -60.1875 92.25 0.490477 0.326995 0
24.8241 43.3234 -2.6168 -60.1875 93 0.490183 0.326798 0
24.8049 43.29 -3.27016 -60.1875 93.75 0.489804 0.326546 0
24.7815 43.2491 -3.92295 -60.1875 94.5 0.489342 0.326238 0
24.7539 43.2009 -4.57508 -60.1875 95.25 0.488796 0.325874 0
24.722 43.1452 -5.22642 -60.1875 96 0.488166 0.325454 0
24.6859 43.0821 -5.87687 -60.1875 96.75 0.487453 0.324979 0
24.6455 43.0117 -6.52631 -60.1875 97.5 0.486656 0.324447 0
24.6009 42.9339 -7.17463 -60.1875 98.25 0.485776 0.32386 0
23.9995 43.8588 -0.65448 -61.3125 90.75 0.490813 0.327219 0
23.9934 43.8475 -1.30885 -61.3125 91.5 0.490687 0.327135 0
23.9831 43.8287 -1.96299 -61.3125 92.25 0.490477 0.326995 0
23.9687 43.8024 -2.6168 -61.3125 93 0.490183 0.326798 0
23.9502 43.7686 -3.27016 -61.3125 93.75 0.489804 0.326546 0
23.9276 43.7273 -3.92295 -61.3125 94.5 0.489342 0.326238 0
23.9009 43.6785 -4.57508 -61.3125 95.25 0.488796 0.325874 0
23.8701 43.6223 -5.22642 -61.3125 96 0.488166 0.325454 0
23.8352 43.5585 -5.87687 -61.3125 96.75 0.487453 0.324979 0
23.7963 43.4873 -6.52631 -61.3125 97.5 0.486656 0.324447 0
23.7532 43.4086 -7.17463 -61.3125 98.25 0.485776 0.32386 0
23.1338 44.3215 -0.65448 -62.4375 90.75 0.490813 0.327219 0
23.1279 44.3101 -1.30885 -62.4375 91.5 0.490687 0.327135 0
23.118 44.2912 -1.96299 -62.4375 92.25 0.490477 0.326995 0
23.1041 44.2646 -2.6168 -62.4375 93 0.490183 0.326798 0
23.0863 44.2304 -3.27016 -62.4375 93.75 0.489804 0.326546 0
23.0645 44.1887 -3.92295 -62.4375 94.5 0.489342 0.326238 0
23.0387 44.1394 -4.57508 -62.4375 95.25 0.488796 0.325874 0
23.0091 44.0825 -5.22642 -62.4375 96 0.488166 0.325454 0
22.9754 44.0181 -5.87687 -62.4375 96.75 0.487453 0.324979 0
22.9379 43.9461 -6.52631 -62.4375 97.5 0.486656 0.324447 0
22.8964 43.8666 -7.17463 -62.4375 98.25 0.485776 0.32386 0
22.2592 44.7672 -0.65448 -63.5625 90.75 0.490813 0.327219 0
22.2534 44.7557 -1.30885 -63.5625 91.5 0.490687 0.327135 0
22.2439 44.7365 -1.96299 -63.5625 92.25 0.490477 0.326995 0
22.2306 44.7097 -2.6168 -63.5625 93 0.490183 0.326798 0
22.2134 44.6752 -3.27016 -63.5625 93.75 0.489804 0.326546 0
22.1924 44.633 -3.92295 -63.5625 94.5 0.489342 0.326238 0
22.1677 44.5832 -4.57508 -63.5625 95.25 0.488796 0.325874 0
22.1391 44.5258 -5.22642 -63.5625 96 0.488166 0.325454 0
22.1068 44.4607 -5.87687 -63.5625 96.75 0.487453 0.324979 0
22.0706 44.388 -6.52631 -63.5625 97.5 0.486656 0.324447 0
22.0307 44.3077 -7.17463 -63.5625 98.25 0.485776 0.32386 0
21.3759 45.1956 -0.65448 -64.6875 90.75 0.490813 0.327219 0
21.3704 45.184 -1.30885 -64.6875 91.5 0.490687 0.327135 0
21.3613 45.1646 -1.96299 -64.6875 92.25 0.490477 0.326995 0
21.3485 45.1375 -2.6168 -64.6875 93 0.490183 0.326798 0
21.332 45.1027 -3.27016 -64.6875 93.75 0.489804 0.326546 0
21.3119 45.0601 -3.92295 -64.6875 94.5 0.489342 0.326238 0
21.2881 45.0098 -4.57508 -64.6875 95.25 0.488796 0.325874 0
21.2606 44.9519 -5.22642 -64.6875 96 0.488166 0.325454 0
21.2296 44.8862 -5.87687 -64.6875 96.75 0.487453 0.324979 0
21.1949 44.8128 -6.52631 -64.6875 97.5 0.486656 0.324447 0
21.1565 44.7317 -7.17463 -64.6875 98.25 0.485776 0.32386 0
20.4844 45.6066 -0.65448 -65.8125 90.75 0.490813 0.327219 0
20.4792 45.5948 -1.30885 -65.8125 91.5 0.490687 0.327135 0
20.4704 45.5753 -1.96299 -65.8125 92.25 0.490477 0.326995 0
20.4581 45.548 -2.6168 -65.8125 93 0.490183 0.326798 0
20.4423 45.5128 -3.27016 -65.8125 93.75 0.489804 0.326546 0
20.423 45.4699 -3.92295 -65.8125 94.5 0.489342 0.326238 0
20.4003 45.4191 -4.57508 -65.8125 95.25 0.488796 0.325874 0
20.374 45.3606 -5.22642 -65.8125 96 0.488166 0.325454 0
20.3442 45.2943 -5.87687 -65.8125 96.75 0.487453 0.324979 0
20.3109 45.2203 -6.52631 -65.8125 97.5 0.486656 0.324447 0
20.2742 45.1385 -7.17463 -65.8125 98.25 0.485776 0.32386 0
19.5851 46 -0.65448 -66.9375 90.75 0.490813 0.327219 0
19.58 45.9881 -1.30885 -66.9375 91.5 0.490687 0.327135 0
19.5716 45.9684 -1.96299 -66.9375 92.25 0.490477 0.326995 0
19.5599 45.9409 -2.6168 -66.9375 93 0.490183 0.326798 0
19.5448 45.9054 -3.27016 -66.9375 93.75 0.489804 0.326546 0
19.5264 45.8621 -3.92295 -66.9375 94.5 0.489342 0.326238 0
19.5046 45.8109 -4.57508 -66.9375 95.25 0.488796 0.325874 0
19.4795 45.7519 -5.22642 -66.9375 96 0.488166 0.325454 0
19.451 45.685 -5.87687 -66.9375 96.75 0.487453 0.324979 0
19.4192 45.6103 -6.52631 -66.9375 97.5 0.486656 0.324447 0
19.3841 45.5278 -7.17463 -66.9375 98.25 0.485776 0.32386 0
18.6781 46.3756 -0.65448 -68.0625 90.75 0.490813 0.327219 0
18.6733 46.3637 -1.30885 -68.0625 91.5 0.490687 0.327135 0
18.6653 46.3438 -1.96299 -68.0625 92.25 0.490477 0.326995 0
18.6541 46.316 -2.6168 -68.0625 93 0.490183 0.326798 0
18.6398 46.2803 -3.27016 -68.0625 93.75 0.489804 0.326546 0
18.6222 46.2366 -3.92295 -68.0625 94.5 0.489342 0.326238 0
18.6014 46.185 -4.57508 -68.0625 95.25 0.488796 0.325874 0
18.5774 46.1255 -5.22642 -68.0625 96 0.488166 0.325454 0
18.5503 46.0581 -5.87687 -68.0625 96.75 0.487453 0.324979 0
18.5199 45.9828 -6.52631 -68.0625 97.5 0.486656 0.324447 0
18.4864 45.8996 -7.17463 -68.0625 98.25 0.485776 0.32386 0
17.764 46.7334 -0.65448 -69.1875 90.75 0.490813 0.327219 0
17.7595 46.7214 -1.30885 -69.1875 91.5 0.490687 0.327135 0
17.7518 46.7014 -1.96299 -69.1875 92.25 0.490477 0.326995 0
17.7412 46.6734 -2.6168 -69.1875 93 0.490183 0.326798 0
17.7275 46.6373 -3.27016 -69.1875 93.75 0.489804 0.326546 0
17.7108 46.5933 -3.92295 -69.1875 94.5 0.489342 0.326238 0
17.691 46.5413 -4.57508 -69.1875 95.25 0.488796 0.325874 0
17.6682 46.4814 -5.22642 -69.1875 96 0.488166 0.325454 0
17.6424 46.4134 -5.87687 -69.1875 96.75 0.487453 0.324979 0
17.6136 46.3376 -6.52631 -69.1875 97.5 0.486656 0.324447 0
17.5817 46.2537 -7.17463 -69.1875 98.25 0.485776 0.32386 0
16.843 47.0732 -0.65448 -70.3125 90.75 0.490813 0.327219 0
16.8387 47.0611 -1.30885 -70.3125 91.5 0.490687 0.327135 0
16.8315 47.0409 -1.96299 -70.3125 92.25 0.490477 0.326995 0
16.8214 47.0127 -2.6168 -70.3125 93 0.490183 0.326798 0
16.8084 46.9764 -3.27016 -70.3125 93.75 0.489804 0.326546 0
16.7926 46.9321 -3.92295 -70.3125 94.5 0.489342 0.326238 0
16.7738 46.8797 -4.57508 -70.3125 95.25 0.488796 0.325874 0
16.7522 46.8193 -5.22642 -70.3125 96 0.488166 0.325454 0
16.7277 46.7509 -5.87687 -70.3125 96.75 0.487453 0.324979 0
16.7004 46.6745 -6.52631 -70.3125 97.5 0.486656 0.324447 0
16.6702 46.59 -7.17463 -70.3125 98.25 0.485776 0.32386 0
15.9156 47.3948 -0.65448 -71.4375 90.75 0.490813 0.327219 0
15.9115 47.3826 -1.30885 -71.4375 91.5 0.490687 0.327135 0
15.9047 47.3623 -1.96299 -71.4375 92.25 0.490477 0.326995 0
15.8951 47.3339 -2.6168 -71.4375 93 0.490183 0.326798 0
15.8829 47.2974 -3.27016 -71.4375 93.75 0.489804 0.326546 0
15.8679 47.2527 -3.92295 -71.4375 94.5 0.489342 0.326238 0
15.8502 47.2 -4.57508 -71.4375 95.25 0.488796 0.325874 0
15.8298 47.1392 -5.22642 -71.4375 96 0.488166 0.325454 0
15.8066 47.0703 -5.87687 -71.4375 96.75 0.487453 0.324979 0
15.7808 46.9933 -6.52631 -71.4375 97.5 0.486656 0.324447 0
15.7522 46.9083 -7.17463 -71.4375 98.25 0.485776 0.32386 0
14.982 47.6981 -0.65448 -72.5625 90.75 0.490813 0.327219 0
14.9781 47.6859 -1.30885 -72.5625 91.5 0.490687 0.327135 0
14.9717 47.6654 -1.96299 -72.5625 92.25 0.490477 0.326995 0
14.9627 47.6368 -2.6168 -72.5625 93 0.490183 0.326798 0
14.9512 47.6001 -3.27016 -72.5625 93.75 0.489804 0.326546 0
14.9371 47.5552 -3.92295 -72.5625 94.5 0.489342 0.326238 0
14.9204 47.5021 -4.57508 -72.5625 95.25 0.488796 0.325874 0
14.9012 47.4409 -5.22642 -72.5625 96 0.488166 0.325454 0
14.8794 47.3716 -5.87687 -72.5625 96.75 0.487453 0.324979 0
14.8551 47.2941 -6.52631 -72.5625 97.5 0.486656 0.324447 0
14.8282 47.2086 -7.17463 -72.5625 98.25 0.485776 0.32386 0
14.0426 47.9831 -0.65448 -73.6875 90.75 0.490813 0.327219 0
14.039 47.9708 -1.30885 -73.6875 91.5 0.490687 0.327135 0
14.033 47.9502 -1.96299 -73.6875 92.25 0.490477 0.326995 0
14.0246 47.9214 -2.6168 -73.6875 93 0.490183 0.326798 0
14.0137 47.8845 -3.27016 -73.6875 93.75 0.489804 0.326546 0
14.0005 47.8393 -3.92295 -73.6875 94.5 0.489342 0.326238 0
13.9849 47.7859 -4.57508 -73.6875 95.25 0.488796 0.325874 0
13.9669 47.7243 -5.22642 -73.6875 96 0.488166 0.325454 0
13.9465 47.6546 -5.87687 -73.6875 96.75 0.487453 0.324979 0
13.9237 47.5767 -6.52631 -73.6875 97.5 0.486656 0.324447 0
13.8985 47.4906 -7.17463 -73.6875 98.25 0.485776 0.32386 0
13.0978 48.2495 -0.65448 -74.8125 90.75 0.490813 0.327219 0
13.0944 48.2371 -1.30885 -74.8125 91.5 0.490687 0.327135 0
13.0888 48.2165 -1.96299 -74.8125 92.25 0.490477 0.326995 0
13.081 48.1876 -2.6168 -74.8125 93 0.490183 0.326798 0
13.0709 48.1504 -3.27016 -74.8125 93.75 0.489804 0.326546 0
13.0586 48.1049 -3.92295 -74.8125 94.5 0.489342 0.326238 0
13.044 48.0513 -4.57508 -74.8125 95.25 0.488796 0.325874 0
13.0272 47.9893 -5.22642 -74.8125 96 0.488166 0.325454 0
13.0081 47.9192 -5.87687 -74.8125 96.75 0.487453 0.324979 0
12.9869 47.8409 -6.52631 -74.8125 97.5 0.486656 0.324447 0
12.9634 47.7543 -7.17463 -74.8125 98.25 0.485776 0.32386 0
12.148 48.4974 -0.65448 -75.9375 90.75 0.490813 0.327219 0
12.1448 48.4849 -1.30885 -75.9375 91.5 0.490687 0.327135 0
12.1396 48.4642 -1.96299 -75.9375 92.25 0.490477 0.326995 0
12.1324 48.4351 -2.6168 -75.9375 93 0.490183 0.326798 0
12.123 48.3977 -3.27016 -75.9375 93.75 0.489804 0.326546 0
12.1116 48.352 -3.92295 -75.9375 94.5 0.489342 0.326238 0
12.098 48.2981 -4.57508 -75.9375 95.25 0.488796 0.325874 0
12.0825 48.2359 -5.22642 -75.9375 96 0.488166 0.325454 0
12.0648 48.1654 -5.87687 -75.9375 96.75 0.487453 0.324979 0
12.0451 48.0866 -6.52631 -75.9375 97.5 0.486656 0.324447 0
12.0233 47.9996 -7.17463 -75.9375 98.25 0.485776 0.32386 0
11.1934 48.7266 -0.65448 -77.0625 90.75 0.490813 0.327219 0
11.1906 48.714 -1.30885 -77.0625 91.5 0.490687 0.327135 0
11.1858 48.6932 -1.96299 -77.0625 92.25 0.490477 0.326995 0
11.1791 48.664 -2.6168 -77.0625 93 0.490183 0.326798 0
11.1704 48.6264 -3.27016 -77.0625 93.75 0.489804 0.326546 0
11.1599 48.5805 -3.92295 -77.0625 94.5 0.489342 0.326238 0
11.1474 48.5263 -4.57508 -77.0625 95.25 0.488796 0.325874 0
11.1331 48.4638 -5.22642 -77.0625 96 0.488166 0.325454 0
11.1168 48.393 -5.87687 -77.0625 96.75 0.487453 0.324979 0
11.0986 48.3138 -6.52631 -77.0625 97.5 0.486656 0.324447 0
11.0786 48.2264 -7.17463 -77.0625 98.25 0.485776 0.32386 0
10.2346 48.9369 -0.65448 -78.1875 90.75 0.490813 0.327219 0
10.232 48.9244 -1.30885 -78.1875 91.5 0.490687 0.327135 0
10.2276 48.9034 -1.96299 -78.1875 92.25 0.490477 0.326995 0
10.2215 48.8741 -2.6168 -78.1875 93 0.490183 0.326798 0
10.2136 48.8364 -3.27016 -78.1875 93.75 0.489804 0.326546 0
10.2039 48.7903 -3.92295 -78.1875 94.5 0.489342 0.326238 0
10.1925 48.7358 -4.57508 -78.1875 95.25 0.488796 0.325874 0
10.1794 48.673 -5.22642 -78.1875 96 0.488166 0.325454 0
10.1645 48.6019 -5.87687 -78.1875 96.75 0.487453 0.324979 0
10.1479 48.5224 -6.52631 -78.1875 97.5 0.486656 0.324447 0
10.1296 48.4347 -7.17463 -78.1875 98.25 0.485776 0.32386 0
9.27182 49.1285 -0.65448 -79.3125 90.75 0.490813 0.327219 0
9.26943 49.1158 -1.30885 -79.3125 91.5 0.490687 0.327135 0
9.26546 49.0948 -1.96299 -79.3125 92.25 0.490477 0.326995 0
9.2599 49.0653 -2.6168 -79.3125 93 0.490183 0.326798 0
9.25276 49.0275 -3.27016 -79.3125 93.75 0.489804 0.326546 0
9.24403 48.9812 -3.92295 -79.3125 94.5 0.489342 0.326238 0
9.23371 48.9265 -4.57508 -79.3125 95.25 0.488796 0.325874 0
9.22182 48.8635 -5.22642 -79.3125 96 0.488166 0.325454 0
9.20834 48.7921 -5.87687 -79.3125 96.75 0.487453 0.324979 0
9.19328 48.7123 -6.52631 -79.3125 97.5 0.486656 0.324447 0
9.17665 48.6242 -7.17463 -79.3125 98.25 0.485776 0.32386 0
8.30546 49.301 -0.65448 -80.4375 90.75 0.490813 0.327219 0
8.30332 49.2884 -1.30885 -80.4375 91.5 0.490687 0.327135 0
8.29977 49.2672 -1.96299 -80.4375 92.25 0.490477 0.326995 0
8.29479 49.2377 -2.6168 -80.4375 93 0.490183 0.326798 0
8.28838 49.1997 -3.27016 -80.4375 93.75 0.489804 0.326546 0
8.28056 49.1533 -3.92295 -80.4375 94.5 0.489342 0.326238 0
8.27132 49.0984 -4.57508 -80.4375 95.25 0.488796 0.325874 0
8.26067 49.0351 -5.22642 -80.4375 96 0.488166 0.325454 0
8.24859 48.9635 -5.87687 -80.4375 96.75 0.487453 0.324979 0
8.23511 48.8834 -6.52631 -80.4375 97.5 0.486656 0.324447 0
8.22021 48.795 -7.17463 -80.4375 98.25 0.485776 0.32386 0
7.3359 49.4546 -0.65448 -81.5625 90.75 0.490813 0.327219 0
7.33401 49.4419 -1.30885 -81.5625 91.5 0.490687 0.327135 0
7.33087 49.4207 -1.96299 -81.5625 92.25 0.490477 0.326995 0
7.32647 49.391 -2.6168 -81.5625 93 0.490183 0.326798 0
7.32082 49.3529 -3.27016 -81.5625 93.75 0.489804 0.326546 0
7.31391 49.3064 -3.92295 -81.5625 94.5 0.489342 0.326238 0
7.30575 49.2513 -4.57508 -81.5625 95.25 0.488796 0.325874 0
7.29633 49.1879 -5.22642 -81.5625 96 0.488166 0.325454 0
7.28567 49.116 -5.87687 -81.5625 96.75 0.487453 0.324979 0
7.27376 49.0357 -6.52631 -81.5625 97.5 0.486656 0.324447 0
7.2606 48.947 -7.17463 -81.5625 98.25 0.485776 0.32386 0
6.3635 49.5891 -0.65448 -82.6875 90.75 0.490813 0.327219 0
6.36187 49.5763 -1.30885 -82.6875 91.5 0.490687 0.327135 0
6.35914 49.5551 -1.96299 -82.6875 92.25 0.490477 0.326995 0
6.35533 49.5254 -2.6168 -82.6875 93 0.490183 0.326798 0
6.35042 49.4872 -3.27016 -82.6875 93.75 0.489804 0.326546 0
6.34443 49.4405 -3.92295 -82.6875 94.5 0.489342 0.326238 0
6.33735 49.3853 -4.57508 -82.6875 95.25 0.488796 0.325874 0
6.32919 49.3217 -5.22642 -82.6875 96 0.488166 0.325454 0
6.31994 49.2496 -5.87687 -82.6875 96.75 0.487453 0.324979 0
6.3096 49.1691 -6.52631 -82.6875 97.5 0.486656 0.324447 0
6.29819 49.0801 -7.17463 -82.6875 98.25 0.485776 0.32386 0
5.38866 49.7045 -0.65448 -83.8125 90.75 0.490813 0.327219 0
5.38728 49.6917 -1.30885 -83.8125 91.5 0.490687 0.327135 0
5.38497 49.6704 -1.96299 -83.8125 92.25 0.490477 0.326995 0
5.38174 49.6406 -2.6168 -83.8125 93 0.490183 0.326798 0
5.37758 49.6023 -3.27016 -83.8125 93.75 0.489804 0.326546 0
5.37251 49.5555 -3.92295 -83.8125 94.5 0.489342 0.326238 0
5.36652 49.5002 -4.57508 -83.8125 95.25 0.488796 0.325874 0
5.3596 49.4364 -5.22642 -83.8125 96 0.488166 0.325454 0
5.35177 49.3642 -5.87687 -83.8125 96.75 0.487453 0.324979 0
5.34302 49.2835 -6.52631 -83.8125 97.5 0.486656 0.324447 0
5.33335 49.1943 -7.17463 -83.8125 98.25 0.485776 0.32386 0
4.41174 49.8007 -0.65448 -84.9375 90.75 0.490813 0.327219 0
4.41061 49.7879 -1.30885 -84.9375 91.5 0.490687 0.327135 0
4.40872 49.7666 -1.96299 -84.9375 92.25 0.490477 0.326995 0
4.40607 49.7367 -2.6168 -84.9375 93 0.490183 0.326798 0
4.40267 49.6983 -3.27016 -84.9375 93.75 0.489804 0.326546 0
4.39852 49.6514 -3.92295 -84.9375 94.5 0.489342 0.326238 0
4.39361 49.596 -4.57508 -84.9375 95.25 0.488796 0.325874 0
4.38795 49.5321 -5.22642 -84.9375 96 0.488166 0.325454 0
4.38154 49.4597 -5.87687 -84.9375 96.75 0.487453 0.324979 0
4.37437 49.3789 -6.52631 -84.9375 97.5 0.486656 0.324447 0
4.36646 49.2895 -7.17463 -84.9375 98.25 0.485776 0.32386 0
3.43312 49.8777 -0.65448 -86.0625 90.75 0.490813 0.327219 0
3.43224 49.8649 -1.30885 -86.0625 91.5 0.490687 0.327135 0
3.43077 49.8435 -1.96299 -86.0625 92.25 0.490477 0.326995 0
3.42871 49.8136 -2.6168 -86.0625 93 0.490183 0.326798 0
3.42606 49.7752 -3.27016 -86.0625 93.75 0.489804 0.326546 0
3.42283 49.7282 -3.92295 -86.0625 94.5 0.489342 0.326238 0
3.41901 49.6727 -4.57508 -86.0625 95.25 0.488796 0.325874 0
3.4146 49.6087 -5.22642 -86.0625 96 0.488166 0.325454 0
3.40961 49.5362 -5.87687 -86.0625 96.75 0.487453 0.324979 0
3.40404 49.4552 -6.52631 -86.0625 97.5 0.486656 0.324447 0
3.39788 49.3658 -7.17463 -86.0625 98.25 0.485776 0.32386 0
2.45317 49.9355 -0.65448 -87.1875 90.75 0.490813 0.327219 0
2.45254 49.9227 -1.30885 -87.1875 91.5 0.490687 0.327135 0
2.45149 49.9013 -1.96299 -87.1875 92.25 0.490477 0.326995 0
2.45002 49.8713 -2.6168 -87.1875 93 0.490183 0.326798 0
2.44813 49.8328 -3.27016 -87.1875 93.75 0.489804 0.326546 0
2.44582 49.7858 -3.92295 -87.1875 94.5 0.489342 0.326238 0
2.44309 49.7303 -4.57508 -87.1875 95.25 0.488796 0.325874 0
2.43994 49.6662 -5.22642 -87.1875 96 0.488166 0.325454 0
2.43638 49.5936 -5.87687 -87.1875 96.75 0.487453 0.324979 0
2.43239 49.5125 -6.52631 -87.1875 97.5 0.486656 0.324447 0
2.42799 49.423 -7.17463 -87.1875 98.25 0.485776 0.32386 0
1.47228 49.974 -0.65448 -88.3125 90.75 0.490813 0.327219 0
1.4719 49.9612 -1.30885 -88.3125 91.5 0.490687 0.327135 0
1.47127 49.9398 -1.96299 -88.3125 92.25 0.490477 0.326995 0
1.47039 49.9098 -2.6168 -88.3125 93 0.490183 0.326798 0
1.46926 49.8713 -3.27016 -88.3125 93.75 0.489804 0.326546 0
1.46787 49.8242 -3.92295 -88.3125 94.5 0.489342 0.326238 0
1.46623 49.7687 -4.57508 -88.3125 95.25 0.488796 0.325874 0
1.46434 49.7045 -5.22642 -88.3125 96 0.488166 0.325454 0
1.4622 49.6319 -5.87687 -88.3125 96.75 0.487453 0.324979 0
1.45981 49.5507 -6.52631 -88.3125 97.5 0.486656 0.324447 0
1.45717 49.4611 -7.17463 -88.3125 98.25 0.485776 0.32386 0
0.490824 49.9933 -0.65448 -89.4375 90.75 0.490813 0.327219 0
0.490698 49.9805 -1.30885 -89.4375 91.5 0.490687 0.327135 0
0.490488 49.959 -1.96299 -89.4375 92.25 0.490477 0.326995 0
0.490193 49.9291 -2.6168 -89.4375 93 0.490183 0.326798 0
0.489815 49.8905 -3.27016 -89.4375 93.75 0.489804 0.326546 0
0.489353 49.8435 -3.92295 -89.4375 94.5 0.489342 0.326238 0
0.488807 49.7878 -4.57508 -89.4375 95.25 0.488796 0.325874 0
0.488177 49.7237 -5.22642 -89.4375 96 0.488166 0.325454 0
0.487464 49.651 -5.87687 -89.4375 96.75 0.487453 0.324979 0
0.486667 49.5699 -6.52631 -89.4375 97.5 0.486656 0.324447 0
0.485786 49.4802 -7.17463 -89.4375 98.25 0.485776 0.32386 0
