49.9692 0.784978 -1.57054 -0.9 91.8 0.784881 0.784978 0
49.8952 0.783816 -3.13953 -0.9 93.6 0.783719 0.783816 0
49.772 0.78188 -4.70542 -0.9 95.4 0.781784 0.78188 0
49.5996 0.779173 -6.26666 -0.9 97.2 0.779077 0.779173 0
49.3783 0.775697 -7.82172 -0.9 99 0.775601 0.775697 0
49.1083 0.771455 -9.36907 -0.9 100.8 0.77136 0.771455 0
48.7898 0.766452 -10.9072 -0.9 102.6 0.766357 0.766452 0
48.4232 0.760692 -12.4345 -0.9 104.4 0.760598 0.760692 0
48.0088 0.754182 -13.9496 -0.9 106.2 0.754089 0.754182 0
47.547 0.746927 -15.4508 -0.9 108 0.746835 0.746927 0
47.0382 0.738936 -16.9369 -0.9 109.8 0.738844 0.738936 0
46.4831 0.730215 -18.4062 -0.9 111.6 0.730125 0.730215 0
45.8821 0.720773 -19.8574 -0.9 113.4 0.720684 0.720773 0
45.2358 0.71062 -21.289 -0.9 115.2 0.710533 0.71062 0
44.5448 0.699766 -22.6995 -0.9 117 0.69968 0.699766 0
43.8099 0.688221 -24.0877 -0.9 118.8 0.688136 0.688221 0
43.0318 0.675997 -25.4521 -0.9 120.6 0.675914 0.675997 0
42.2112 0.663106 -26.7913 -0.9 122.4 0.663025 0.663106 0
41.3489 0.649561 -28.1042 -0.9 124.2 0.649481 0.649561 0
40.4459 0.635374 -29.3893 -0.9 126 0.635296 0.635374 0
39.5029 0.620561 -30.6454 -0.9 127.8 0.620484 0.620561 0
38.5209 0.605135 -31.8712 -0.9 129.6 0.60506 0.605135 0
37.5009 0.589112 -33.0656 -0.9 131.4 0.589039 0.589112 0
36.4439 0.572507 -34.2274 -0.9 133.2 0.572436 0.572507 0
35.351 0.555338 -35.3553 -0.9 135 0.555269 0.555338 0
49.9198 2.35416 -1.57054 -2.7 91.8 0.784881 0.784978 0
49.8459 2.35067 -3.13953 -2.7 93.6 0.783719 0.783816 0
49.7228 2.34487 -4.70542 -2.7 95.4 0.781784 0.78188 0
49.5507 2.33675 -6.26666 -2.7 97.2 0.779077 0.779173 0
49.3296 2.32632 -7.82172 -2.7 99 0.775601 0.775697 0
49.0598 2.3136 -9.36907 -2.7 100.8 0.77136 0.771455 0
48.7417 2.2986 -10.9072 -2.7 102.6 0.766357 0.766452 0
48.3754 2.28133 -12.4345 -2.7 104.4 0.760598 0.760692 0
47.9614 2.2618 -13.9496 -2.7 106.2 0.754089 0.754182 0
47.5 2.24004 -15.4508 -2.7 108 0.746835 0.746927 0
46.9918 2.21608 -16.9369 -2.7 109.8 0.738844 0.738936 0
46.4372 2.18992 -18.4062 -2.7 111.6 0.730125 0.730215 0
45.8368 2.16161 -19.8574 -2.7 113.4 0.720684 0.720773 0
45.1911 2.13116 -21.289 -2.7 115.2 0.710533 0.71062 0
44.5009 2.09861 -22.6995 -2.7 117 0.69968 0.699766 0
43.7667 2.06398 -24.0877 -2.7 118.8 0.688136 0.688221 0
42.9893 2.02733 -25.4521 -2.7 120.6 0.675914 0.675997 0
42.1695 1.98866 -26.7913 -2.7 122.4 0.663025 0.663106 0
41.3081 1.94804 -28.1042 -2.7 124.2 0.649481 0.649561 0
40.4059 1.9055 -29.3893 -2.7 126 0.635296 0.635374 0
39.4639 1.86107 -30.6454 -2.7 127.8 0.620484 0.620561 0
38.4829 1.81481 -31.8712 -2.7 129.6 0.60506 0.605135 0
37.4639 1.76675 -33.0656 -2.7 131.4 0.589039 0.589112 0
36.408 1.71696 -34.2274 -2.7 133.2 0.572436 0.572507 0
35.3161 1.66546 -35.3553 -2.7 135 0.555269 0.555338 0
49.8213 3.92102 -1.57054 -4.5 91.8 0.784881 0.784978 0
49.7475 3.91521 -3.13953 -4.5 93.6 0.783719 0.783816 0
49.6246 3.90554 -4.70542 -4.5 95.4 0.781784 0.78188 0
49.4528 3.89202 -6.26666 -4.5 97.2 0.779077 0.779173 0
49.2322 3.87466 -7.82172 -4.5 99 0.775601 0.775697 0
48.963 3.85347 -9.36907 -4.5 100.8 0.77136 0.771455 0
48.6454 3.82848 -10.9072 -4.5 102.6 0.766357 0.766452 0
48.2799 3.79971 -12.4345 -4.5 104.4 0.760598 0.760692 0
47.8667 3.76719 -13.9496 -4.5 106.2 0.754089 0.754182 0
47.4062 3.73095 -15.4508 -4.5 108 0.746835 0.746927 0
46.899 3.69103 -16.9369 -4.5 109.8 0.738844 0.738936 0
46.3455 3.64747 -18.4062 -4.5 111.6 0.730125 0.730215 0
45.7463 3.60031 -19.8574 -4.5 113.4 0.720684 0.720773 0
45.1019 3.5496 -21.289 -4.5 115.2 0.710533 0.71062 0
44.413 3.49538 -22.6995 -4.5 117 0.69968 0.699766 0
43.6803 3.43771 -24.0877 -4.5 118.8 0.688136 0.688221 0
42.9044 3.37665 -25.4521 -4.5 120.6 0.675914 0.675997 0
42.0863 3.31226 -26.7913 -4.5 122.4 0.663025 0.663106 0
41.2265 3.2446 -28.1042 -4.5 124.2 0.649481 0.649561 0
40.3262 3.17374 -29.3893 -4.5 126 0.635296 0.635374 0
39.386 3.09974 -30.6454 -4.5 127.8 0.620484 0.620561 0
38.4069 3.02269 -31.8712 -4.5 129.6 0.60506 0.605135 0
37.3899 2.94265 -33.0656 -4.5 131.4 0.589039 0.589112 0
36.3361 2.85971 -34.2274 -4.5 133.2 0.572436 0.572507 0
35.2464 2.77395 -35.3553 -4.5 135 0.555269 0.555338 0
49.6735 5.48401 -1.57054 -6.3 91.8 0.784881 0.784978 0
49.6 5.47589 -3.13953 -6.3 93.6 0.783719 0.783816 0
49.4775 5.46237 -4.70542 -6.3 95.4 0.781784 0.78188 0
49.3062 5.44345 -6.26666 -6.3 97.2 0.779077 0.779173 0
49.0862 5.41916 -7.82172 -6.3 99 0.775601 0.775697 0
48.8178 5.38953 -9.36907 -6.3 100.8 0.77136 0.771455 0
48.5012 5.35458 -10.9072 -6.3 102.6 0.766357 0.766452 0
48.1367 5.31434 -12.4345 -6.3 104.4 0.760598 0.760692 0
47.7247 5.26886 -13.9496 -6.3 106.2 0.754089 0.754182 0
47.2657 5.21818 -15.4508 -6.3 108 0.746835 0.746927 0
46.7599 5.16235 -16.9369 -6.3 109.8 0.738844 0.738936 0
46.2081 5.10142 -18.4062 -6.3 111.6 0.730125 0.730215 0
45.6106 5.03546 -19.8574 -6.3 113.4 0.720684 0.720773 0
44.9681 4.96453 -21.289 -6.3 115.2 0.710533 0.71062 0
44.2813 4.8887 -22.6995 -6.3 117 0.69968 0.699766 0
43.5507 4.80805 -24.0877 -6.3 118.8 0.688136 0.688221 0
42.7772 4.72265 -25.4521 -6.3 120.6 0.675914 0.675997 0
41.9614 4.63259 -26.7913 -6.3 122.4 0.663025 0.663106 0
41.1043 4.53796 -28.1042 -6.3 124.2 0.649481 0.649561 0
40.2066 4.43885 -29.3893 -6.3 126 0.635296 0.635374 0
39.2692 4.33536 -30.6454 -6.3 127.8 0.620484 0.620561 0
38.293 4.22759 -31.8712 -6.3 129.6 0.60506 0.605135 0
37.2791 4.11565 -33.0656 -6.3 131.4 0.589039 0.589112 0
36.2283 3.99964 -34.2274 -6.3 133.2 0.572436 0.572507 0
35.1418 3.87969 -35.3553 -6.3 135 0.555269 0.555338 0
49.4768 7.04159 -1.57054 -8.1 91.8 0.784881 0.784978 0
49.4035 7.03116 -3.13953 -8.1 93.6 0.783719 0.783816 0
49.2815 7.0138 -4.70542 -8.1 95.4 0.781784 0.78188 0
49.1109 6.98951 -6.26666 -8.1 97.2 0.779077 0.779173 0
48.8917 6.95833 -7.82172 -8.1 99 0.775601 0.775697 0
48.6244 6.92027 -9.36907 -8.1 100.8 0.77136 0.771455 0
48.309 6.87539 -10.9072 -8.1 102.6 0.766357 0.766452 0
47.946 6.82373 -12.4345 -8.1 104.4 0.760598 0.760692 0
47.5357 6.76533 -13.9496 -8.1 106.2 0.754089 0.754182 0
47.0784 6.70025 -15.4508 -8.1 108 0.746835 0.746927 0
46.5747 6.62856 -16.9369 -8.1 109.8 0.738844 0.738936 0
46.025 6.55033 -18.4062 -8.1 111.6 0.730125 0.730215 0
45.4299 6.46564 -19.8574 -8.1 113.4 0.720684 0.720773 0
44.79 6.37456 -21.289 -8.1 115.2 0.710533 0.71062 0
44.1059 6.2772 -22.6995 -8.1 117 0.69968 0.699766 0
43.3782 6.17363 -24.0877 -8.1 118.8 0.688136 0.688221 0
42.6077 6.06398 -25.4521 -8.1 120.6 0.675914 0.675997 0
41.7952 5.94834 -26.7913 -8.1 122.4 0.663025 0.663106 0
40.9415 5.82683 -28.1042 -8.1 124.2 0.649481 0.649561 0
40.0473 5.69957 -29.3893 -8.1 126 0.635296 0.635374 0
39.1136 5.56669 -30.6454 -8.1 127.8 0.620484 0.620561 0
38.1413 5.42831 -31.8712 -8.1 129.6 0.60506 0.605135 0
37.1314 5.28458 -33.0656 -8.1 131.4 0.589039 0.589112 0
36.0848 5.13563 -34.2274 -8.1 133.2 0.572436 0.572507 0
35.0026 4.98161 -35.3553 -8.1 135 0.555269 0.555338 0
49.2312 8.59221 -1.57054 -9.9 91.8 0.784881 0.784978 0
49.1583 8.57949 -3.13953 -9.9 93.6 0.783719 0.783816 0
49.0369 8.5583 -4.70542 -9.9 95.4 0.781784 0.78188 0
48.8671 8.52867 -6.26666 -9.9 97.2 0.779077 0.779173 0
48.649 8.49062 -7.82172 -9.9 99 0.775601 0.775697 0
48.383 8.44419 -9.36907 -9.9 100.8 0.77136 0.771455 0
48.0692 8.38942 -10.9072 -9.9 102.6 0.766357 0.766452 0
47.708 8.32638 -12.4345 -9.9 104.4 0.760598 0.760692 0
47.2997 8.25512 -13.9496 -9.9 106.2 0.754089 0.754182 0
46.8447 8.17571 -15.4508 -9.9 108 0.746835 0.746927 0
46.3435 8.08824 -16.9369 -9.9 109.8 0.738844 0.738936 0
45.7966 7.99278 -18.4062 -9.9 111.6 0.730125 0.730215 0
45.2044 7.88944 -19.8574 -9.9 113.4 0.720684 0.720773 0
44.5677 7.77831 -21.289 -9.9 115.2 0.710533 0.71062 0
43.8869 7.6595 -22.6995 -9.9 117 0.69968 0.699766 0
43.1629 7.53313 -24.0877 -9.9 118.8 0.688136 0.688221 0
42.3962 7.39933 -25.4521 -9.9 120.6 0.675914 0.675997 0
41.5878 7.25823 -26.7913 -9.9 122.4 0.663025 0.663106 0
40.7382 7.10996 -28.1042 -9.9 124.2 0.649481 0.649561 0
39.8485 6.95468 -29.3893 -9.9 126 0.635296 0.635374 0
38.9195 6.79253 -30.6454 -9.9 127.8 0.620484 0.620561 0
37.952 6.62368 -31.8712 -9.9 129.6 0.60506 0.605135 0
36.9471 6.4483 -33.0656 -9.9 131.4 0.589039 0.589112 0
35.9057 6.26655 -34.2274 -9.9 133.2 0.572436 0.572507 0
34.8289 6.07861 -35.3553 -9.9 135 0.555269 0.555338 0
48.937 10.1344 -1.57054 -11.7 91.8 0.784881 0.784978 0
48.8645 10.1194 -3.13953 -11.7 93.6 0.783719 0.783816 0
48.7438 10.0944 -4.70542 -11.7 95.4 0.781784 0.78188 0
48.5751 10.0594 -6.26666 -11.7 97.2 0.779077 0.779173 0
48.3583 10.0145 -7.82172 -11.7 99 0.775601 0.775697 0
48.0939 9.95977 -9.36907 -11.7 100.8 0.77136 0.771455 0
47.782 9.89518 -10.9072 -11.7 102.6 0.766357 0.766452 0
47.4229 9.82082 -12.4345 -11.7 104.4 0.760598 0.760692 0
47.0171 9.73677 -13.9496 -11.7 106.2 0.754089 0.754182 0
46.5648 9.64311 -15.4508 -11.7 108 0.746835 0.746927 0
46.0666 9.53993 -16.9369 -11.7 109.8 0.738844 0.738936 0
45.5229 9.42734 -18.4062 -11.7 111.6 0.730125 0.730215 0
44.9343 9.30545 -19.8574 -11.7 113.4 0.720684 0.720773 0
44.3014 9.17437 -21.289 -11.7 115.2 0.710533 0.71062 0
43.6247 9.03424 -22.6995 -11.7 117 0.69968 0.699766 0
42.905 8.88519 -24.0877 -11.7 118.8 0.688136 0.688221 0
42.1429 8.72738 -25.4521 -11.7 120.6 0.675914 0.675997 0
41.3393 8.56095 -26.7913 -11.7 122.4 0.663025 0.663106 0
40.4948 8.38607 -28.1042 -11.7 124.2 0.649481 0.649561 0
39.6104 8.20292 -29.3893 -11.7 126 0.635296 0.635374 0
38.6869 8.01167 -30.6454 -11.7 127.8 0.620484 0.620561 0
37.7252 7.81251 -31.8712 -11.7 129.6 0.60506 0.605135 0
36.7263 7.60565 -33.0656 -11.7 131.4 0.589039 0.589112 0
35.6911 7.39128 -34.2274 -11.7 133.2 0.572436 0.572507 0
34.6208 7.16961 -35.3553 -11.7 135 0.555269 0.555338 0
48.5945 11.6665 -1.57054 -13.5 91.8 0.784881 0.784978 0
48.5226 11.6492 -3.13953 -13.5 93.6 0.783719 0.783816 0
48.4027 11.6205 -4.70542 -13.5 95.4 0.781784 0.78188 0
48.2351 11.5802 -6.26666 -13.5 97.2 0.779077 0.779173 0
48.0199 11.5286 -7.82172 -13.5 99 0.775601 0.775697 0
47.7573 11.4655 -9.36907 -13.5 100.8 0.77136 0.771455 0
47.4476 11.3912 -10.9072 -13.5 102.6 0.766357 0.766452 0
47.0911 11.3056 -12.4345 -13.5 104.4 0.760598 0.760692 0
46.688 11.2088 -13.9496 -13.5 106.2 0.754089 0.754182 0
46.2389 11.101 -15.4508 -13.5 108 0.746835 0.746927 0
45.7442 10.9822 -16.9369 -13.5 109.8 0.738844 0.738936 0
45.2043 10.8526 -18.4062 -13.5 111.6 0.730125 0.730215 0
44.6198 10.7123 -19.8574 -13.5 113.4 0.720684 0.720773 0
43.9913 10.5614 -21.289 -13.5 115.2 0.710533 0.71062 0
43.3194 10.4001 -22.6995 -13.5 117 0.69968 0.699766 0
42.6047 10.2285 -24.0877 -13.5 118.8 0.688136 0.688221 0
41.848 10.0468 -25.4521 -13.5 120.6 0.675914 0.675997 0
41.05 9.85522 -26.7913 -13.5 122.4 0.663025 0.663106 0
40.2114 9.65391 -28.1042 -13.5 124.2 0.649481 0.649561 0
39.3332 9.44306 -29.3893 -13.5 126 0.635296 0.635374 0
38.4161 9.2229 -30.6454 -13.5 127.8 0.620484 0.620561 0
37.4612 8.99364 -31.8712 -13.5 129.6 0.60506 0.605135 0
36.4693 8.7555 -33.0656 -13.5 131.4 0.589039 0.589112 0
35.4414 8.50872 -34.2274 -13.5 133.2 0.572436 0.572507 0
34.3785 8.25354 -35.3553 -13.5 135 0.555269 0.555338 0
48.2041 13.1871 -1.57054 -15.3 91.8 0.784881 0.784978 0
48.1327 13.1676 -3.13953 -15.3 93.6 0.783719 0.783816 0
48.0138 13.1351 -4.70542 -15.3 95.4 0.781784 0.78188 0
47.8476 13.0896 -6.26666 -15.3 97.2 0.779077 0.779173 0
47.6341 13.0312 -7.82172 -15.3 99 0.775601 0.775697 0
47.3736 12.96 -9.36907 -15.3 100.8 0.77136 0.771455 0
47.0664 12.8759 -10.9072 -15.3 102.6 0.766357 0.766452 0
46.7127 12.7791 -12.4345 -15.3 104.4 0.760598 0.760692 0
46.3129 12.6698 -13.9496 -15.3 106.2 0.754089 0.754182 0
45.8674 12.5479 -15.4508 -15.3 108 0.746835 0.746927 0
45.3767 12.4137 -16.9369 -15.3 109.8 0.738844 0.738936 0
44.8411 12.2671 -18.4062 -15.3 111.6 0.730125 0.730215 0
44.2614 12.1085 -19.8574 -15.3 113.4 0.720684 0.720773 0
43.6379 11.938 -21.289 -15.3 115.2 0.710533 0.71062 0
42.9713 11.7556 -22.6995 -15.3 117 0.69968 0.699766 0
42.2624 11.5617 -24.0877 -15.3 118.8 0.688136 0.688221 0
41.5118 11.3563 -25.4521 -15.3 120.6 0.675914 0.675997 0
40.7201 11.1398 -26.7913 -15.3 122.4 0.663025 0.663106 0
39.8883 10.9122 -28.1042 -15.3 124.2 0.649481 0.649561 0
39.0172 10.6739 -29.3893 -15.3 126 0.635296 0.635374 0
38.1075 10.425 -30.6454 -15.3 127.8 0.620484 0.620561 0
37.1602 10.1659 -31.8712 -15.3 129.6 0.60506 0.605135 0
36.1763 9.8967 -33.0656 -15.3 131.4 0.589039 0.589112 0
35.1566 9.61776 -34.2274 -15.3 133.2 0.572436 0.572507 0
34.1023 9.32932 -35.3553 -15.3 135 0.555269 0.555338 0
47.7661 14.6948 -1.57054 -17.1 91.8 0.784881 0.784978 0
47.6953 14.673 -3.13953 -17.1 93.6 0.783719 0.783816 0
47.5776 14.6368 -4.70542 -17.1 95.4 0.781784 0.78188 0
47.4128 14.5861 -6.26666 -17.1 97.2 0.779077 0.779173 0
47.2013 14.521 -7.82172 -17.1 99 0.775601 0.775697 0
46.9432 14.4416 -9.36907 -17.1 100.8 0.77136 0.771455 0
46.6387 14.3479 -10.9072 -17.1 102.6 0.766357 0.766452 0
46.2883 14.2401 -12.4345 -17.1 104.4 0.760598 0.760692 0
45.8921 14.1183 -13.9496 -17.1 106.2 0.754089 0.754182 0
45.4507 13.9824 -15.4508 -17.1 108 0.746835 0.746927 0
44.9644 13.8328 -16.9369 -17.1 109.8 0.738844 0.738936 0
44.4337 13.6696 -18.4062 -17.1 111.6 0.730125 0.730215 0
43.8592 13.4928 -19.8574 -17.1 113.4 0.720684 0.720773 0
43.2414 13.3028 -21.289 -17.1 115.2 0.710533 0.71062 0
42.5809 13.0996 -22.6995 -17.1 117 0.69968 0.699766 0
41.8784 12.8835 -24.0877 -17.1 118.8 0.688136 0.688221 0
41.1346 12.6546 -25.4521 -17.1 120.6 0.675914 0.675997 0
40.3501 12.4133 -26.7913 -17.1 122.4 0.663025 0.663106 0
39.5259 12.1598 -28.1042 -17.1 124.2 0.649481 0.649561 0
38.6626 11.8942 -29.3893 -17.1 126 0.635296 0.635374 0
37.7612 11.6169 -30.6454 -17.1 127.8 0.620484 0.620561 0
36.8226 11.3281 -31.8712 -17.1 129.6 0.60506 0.605135 0
35.8475 11.0281 -33.0656 -17.1 131.4 0.589039 0.589112 0
34.8372 10.7173 -34.2274 -17.1 133.2 0.572436 0.572507 0
33.7924 10.3959 -35.3553 -17.1 135 0.555269 0.555338 0
47.2809 16.1879 -1.57054 -18.9 91.8 0.784881 0.784978 0
47.2109 16.1639 -3.13953 -18.9 93.6 0.783719 0.783816 0
47.0943 16.124 -4.70542 -18.9 95.4 0.781784 0.78188 0
46.9313 16.0682 -6.26666 -18.9 97.2 0.779077 0.779173 0
46.7219 15.9965 -7.82172 -18.9 99 0.775601 0.775697 0
46.4664 15.909 -9.36907 -18.9 100.8 0.77136 0.771455 0
46.165 15.8058 -10.9072 -18.9 102.6 0.766357 0.766452 0
45.8181 15.687 -12.4345 -18.9 104.4 0.760598 0.760692 0
45.426 15.5528 -13.9496 -18.9 106.2 0.754089 0.754182 0
44.989 15.4032 -15.4508 -18.9 108 0.746835 0.746927 0
44.5077 15.2384 -16.9369 -18.9 109.8 0.738844 0.738936 0
43.9824 15.0585 -18.4062 -18.9 111.6 0.730125 0.730215 0
43.4137 14.8638 -19.8574 -18.9 113.4 0.720684 0.720773 0
42.8022 14.6545 -21.289 -18.9 115.2 0.710533 0.71062 0
42.1484 14.4306 -22.6995 -18.9 117 0.69968 0.699766 0
41.453 14.1925 -24.0877 -18.9 118.8 0.688136 0.688221 0
40.7168 13.9405 -25.4521 -18.9 120.6 0.675914 0.675997 0
39.9403 13.6746 -26.7913 -18.9 122.4 0.663025 0.663106 0
39.1244 13.3953 -28.1042 -18.9 124.2 0.649481 0.649561 0
38.27 13.1027 -29.3893 -18.9 126 0.635296 0.635374 0
37.3777 12.7972 -30.6454 -18.9 127.8 0.620484 0.620561 0
36.4486 12.4791 -31.8712 -18.9 129.6 0.60506 0.605135 0
35.4835 12.1487 -33.0656 -18.9 131.4 0.589039 0.589112 0
34.4833 11.8063 -34.2274 -18.9 133.2 0.572436 0.572507 0
33.4492 11.4522 -35.3553 -18.9 135 0.555269 0.555338 0
46.7491 17.665 -1.57054 -20.7 91.8 0.784881 0.784978 0
46.6799 17.6389 -3.13953 -20.7 93.6 0.783719 0.783816 0
46.5646 17.5953 -4.70542 -20.7 95.4 0.781784 0.78188 0
46.4034 17.5344 -6.26666 -20.7 97.2 0.779077 0.779173 0
46.1964 17.4561 -7.82172 -20.7 99 0.775601 0.775697 0
45.9437 17.3607 -9.36907 -20.7 100.8 0.77136 0.771455 0
45.6458 17.2481 -10.9072 -20.7 102.6 0.766357 0.766452 0
45.3028 17.1185 -12.4345 -20.7 104.4 0.760598 0.760692 0
44.915 16.972 -13.9496 -20.7 106.2 0.754089 0.754182 0
44.483 16.8087 -15.4508 -20.7 108 0.746835 0.746927 0
44.0071 16.6289 -16.9369 -20.7 109.8 0.738844 0.738936 0
43.4877 16.4326 -18.4062 -20.7 111.6 0.730125 0.730215 0
42.9254 16.2202 -19.8574 -20.7 113.4 0.720684 0.720773 0
42.3208 15.9917 -21.289 -20.7 115.2 0.710533 0.71062 0
41.6743 15.7474 -22.6995 -20.7 117 0.69968 0.699766 0
40.9868 15.4876 -24.0877 -20.7 118.8 0.688136 0.688221 0
40.2588 15.2125 -25.4521 -20.7 120.6 0.675914 0.675997 0
39.4911 14.9224 -26.7913 -20.7 122.4 0.663025 0.663106 0
38.6844 14.6176 -28.1042 -20.7 124.2 0.649481 0.649561 0
37.8395 14.2984 -29.3893 -20.7 126 0.635296 0.635374 0
36.9573 13.965 -30.6454 -20.7 127.8 0.620484 0.620561 0
36.0386 13.6179 -31.8712 -20.7 129.6 0.60506 0.605135 0
35.0843 13.2573 -33.0656 -20.7 131.4 0.589039 0.589112 0
34.0955 12.8836 -34.2274 -20.7 133.2 0.572436 0.572507 0
33.0729 12.4972 -35.3553 -20.7 135 0.555269 0.555338 0
46.1712 19.1247 -1.57054 -22.5 91.8 0.784881 0.784978 0
46.1028 19.0964 -3.13953 -22.5 93.6 0.783719 0.783816 0
45.989 19.0493 -4.70542 -22.5 95.4 0.781784 0.78188 0
45.8297 18.9833 -6.26666 -22.5 97.2 0.779077 0.779173 0
45.6253 18.8986 -7.82172 -22.5 99 0.775601 0.775697 0
45.3758 18.7953 -9.36907 -22.5 100.8 0.77136 0.771455 0
45.0815 18.6734 -10.9072 -22.5 102.6 0.766357 0.766452 0
44.7427 18.533 -12.4345 -22.5 104.4 0.760598 0.760692 0
44.3598 18.3744 -13.9496 -22.5 106.2 0.754089 0.754182 0
43.9331 18.1977 -15.4508 -22.5 108 0.746835 0.746927 0
43.463 18.003 -16.9369 -22.5 109.8 0.738844 0.738936 0
42.9501 17.7905 -18.4062 -22.5 111.6 0.730125 0.730215 0
42.3947 17.5605 -19.8574 -22.5 113.4 0.720684 0.720773 0
41.7976 17.3131 -21.289 -22.5 115.2 0.710533 0.71062 0
41.1591 17.0487 -22.6995 -22.5 117 0.69968 0.699766 0
40.4801 16.7674 -24.0877 -22.5 118.8 0.688136 0.688221 0
39.7611 16.4696 -25.4521 -22.5 120.6 0.675914 0.675997 0
39.0029 16.1555 -26.7913 -22.5 122.4 0.663025 0.663106 0
38.2061 15.8255 -28.1042 -22.5 124.2 0.649481 0.649561 0
37.3717 15.4799 -29.3893 -22.5 126 0.635296 0.635374 0
36.5004 15.119 -30.6454 -22.5 127.8 0.620484 0.620561 0
35.5931 14.7431 -31.8712 -22.5 129.6 0.60506 0.605135 0
34.6506 14.3528 -33.0656 -22.5 131.4 0.589039 0.589112 0
33.674 13.9482 -34.2274 -22.5 133.2 0.572436 0.572507 0
32.6641 13.5299 -35.3553 -22.5 135 0.555269 0.555338 0
45.5477 20.5656 -1.57054 -24.3 91.8 0.784881 0.784978 0
45.4802 20.5351 -3.13953 -24.3 93.6 0.783719 0.783816 0
45.3679 20.4844 -4.70542 -24.3 95.4 0.781784 0.78188 0
45.2108 20.4135 -6.26666 -24.3 97.2 0.779077 0.779173 0
45.0091 20.3224 -7.82172 -24.3 99 0.775601 0.775697 0
44.763 20.2113 -9.36907 -24.3 100.8 0.77136 0.771455 0
44.4727 20.0802 -10.9072 -24.3 102.6 0.766357 0.766452 0
44.1385 19.9293 -12.4345 -24.3 104.4 0.760598 0.760692 0
43.7607 19.7587 -13.9496 -24.3 106.2 0.754089 0.754182 0
43.3398 19.5687 -15.4508 -24.3 108 0.746835 0.746927 0
42.8761 19.3593 -16.9369 -24.3 109.8 0.738844 0.738936 0
42.3701 19.1308 -18.4062 -24.3 111.6 0.730125 0.730215 0
41.8222 18.8835 -19.8574 -24.3 113.4 0.720684 0.720773 0
41.2331 18.6175 -21.289 -24.3 115.2 0.710533 0.71062 0
40.6033 18.3331 -22.6995 -24.3 117 0.69968 0.699766 0
39.9334 18.0306 -24.0877 -24.3 118.8 0.688136 0.688221 0
39.2242 17.7104 -25.4521 -24.3 120.6 0.675914 0.675997 0
38.4762 17.3727 -26.7913 -24.3 122.4 0.663025 0.663106 0
37.6902 17.0178 -28.1042 -24.3 124.2 0.649481 0.649561 0
36.867 16.6461 -29.3893 -24.3 126 0.635296 0.635374 0
36.0075 16.258 -30.6454 -24.3 127.8 0.620484 0.620561 0
35.1124 15.8539 -31.8712 -24.3 129.6 0.60506 0.605135 0
34.1827 15.4341 -33.0656 -24.3 131.4 0.589039 0.589112 0
33.2192 14.9991 -34.2274 -24.3 133.2 0.572436 0.572507 0
32.223 14.5492 -35.3553 -24.3 135 0.555269 0.555338 0
44.8792 21.9861 -1.57054 -26.1 91.8 0.784881 0.784978 0
44.8128 21.9536 -3.13953 -26.1 93.6 0.783719 0.783816 0
44.7021 21.8993 -4.70542 -26.1 95.4 0.781784 0.78188 0
44.5473 21.8235 -6.26666 -26.1 97.2 0.779077 0.779173 0
44.3486 21.7261 -7.82172 -26.1 99 0.775601 0.775697 0
44.1061 21.6073 -9.36907 -26.1 100.8 0.77136 0.771455 0
43.82 21.4672 -10.9072 -26.1 102.6 0.766357 0.766452 0
43.4907 21.3059 -12.4345 -26.1 104.4 0.760598 0.760692 0
43.1185 21.1235 -13.9496 -26.1 106.2 0.754089 0.754182 0
42.7037 20.9204 -15.4508 -26.1 108 0.746835 0.746927 0
42.2468 20.6965 -16.9369 -26.1 109.8 0.738844 0.738936 0
41.7482 20.4523 -18.4062 -26.1 111.6 0.730125 0.730215 0
41.2084 20.1878 -19.8574 -26.1 113.4 0.720684 0.720773 0
40.628 19.9034 -21.289 -26.1 115.2 0.710533 0.71062 0
40.0074 19.5994 -22.6995 -26.1 117 0.69968 0.699766 0
39.3474 19.2761 -24.0877 -26.1 118.8 0.688136 0.688221 0
38.6485 18.9337 -25.4521 -26.1 120.6 0.675914 0.675997 0
37.9115 18.5726 -26.7913 -26.1 122.4 0.663025 0.663106 0
37.1371 18.1933 -28.1042 -26.1 124.2 0.649481 0.649561 0
36.326 17.7959 -29.3893 -26.1 126 0.635296 0.635374 0
35.479 17.381 -30.6454 -26.1 127.8 0.620484 0.620561 0
34.5971 16.9489 -31.8712 -26.1 129.6 0.60506 0.605135 0
33.681 16.5002 -33.0656 -26.1 131.4 0.589039 0.589112 0
32.7317 16.0351 -34.2274 -26.1 133.2 0.572436 0.572507 0
31.7501 15.5542 -35.3553 -26.1 135 0.555269 0.555338 0
44.1665 23.3849 -1.57054 -27.9 91.8 0.784881 0.784978 0
44.1011 23.3503 -3.13953 -27.9 93.6 0.783719 0.783816 0
43.9922 23.2927 -4.70542 -27.9 95.4 0.781784 0.78188 0
43.8398 23.212 -6.26666 -27.9 97.2 0.779077 0.779173 0
43.6443 23.1084 -7.82172 -27.9 99 0.775601 0.775697 0
43.4056 22.9821 -9.36907 -27.9 100.8 0.77136 0.771455 0
43.1241 22.833 -10.9072 -27.9 102.6 0.766357 0.766452 0
42.8 22.6614 -12.4345 -27.9 104.4 0.760598 0.760692 0
42.4337 22.4675 -13.9496 -27.9 106.2 0.754089 0.754182 0
42.0256 22.2514 -15.4508 -27.9 108 0.746835 0.746927 0
41.5759 22.0133 -16.9369 -27.9 109.8 0.738844 0.738936 0
41.0852 21.7535 -18.4062 -27.9 111.6 0.730125 0.730215 0
40.554 21.4722 -19.8574 -27.9 113.4 0.720684 0.720773 0
39.9828 21.1698 -21.289 -27.9 115.2 0.710533 0.71062 0
39.372 20.8464 -22.6995 -27.9 117 0.69968 0.699766 0
38.7225 20.5025 -24.0877 -27.9 118.8 0.688136 0.688221 0
38.0347 20.1383 -25.4521 -27.9 120.6 0.675914 0.675997 0
37.3094 19.7543 -26.7913 -27.9 122.4 0.663025 0.663106 0
36.5473 19.3508 -28.1042 -27.9 124.2 0.649481 0.649561 0
35.7491 18.9282 -29.3893 -27.9 126 0.635296 0.635374 0
34.9156 18.4869 -30.6454 -27.9 127.8 0.620484 0.620561 0
34.0477 18.0273 -31.8712 -27.9 129.6 0.60506 0.605135 0
33.1461 17.55 -33.0656 -27.9 131.4 0.589039 0.589112 0
32.2119 17.0553 -34.2274 -27.9 133.2 0.572436 0.572507 0
31.2458 16.5438 -35.3553 -27.9 135 0.555269 0.555338 0
43.4101 24.7607 -1.57054 -29.7 91.8 0.784881 0.784978 0
43.3459 24.724 -3.13953 -29.7 93.6 0.783719 0.783816 0
43.2388 24.663 -4.70542 -29.7 95.4 0.781784 0.78188 0
43.0891 24.5776 -6.26666 -29.7 97.2 0.779077 0.779173 0
42.8969 24.4679 -7.82172 -29.7 99 0.775601 0.775697 0
42.6623 24.3341 -9.36907 -29.7 100.8 0.77136 0.771455 0
42.3856 24.1763 -10.9072 -29.7 102.6 0.766357 0.766452 0
42.0671 23.9946 -12.4345 -29.7 104.4 0.760598 0.760692 0
41.7071 23.7893 -13.9496 -29.7 106.2 0.754089 0.754182 0
41.3059 23.5605 -15.4508 -29.7 108 0.746835 0.746927 0
40.8639 23.3084 -16.9369 -29.7 109.8 0.738844 0.738936 0
40.3817 23.0333 -18.4062 -29.7 111.6 0.730125 0.730215 0
39.8595 22.7355 -19.8574 -29.7 113.4 0.720684 0.720773 0
39.2981 22.4152 -21.289 -29.7 115.2 0.710533 0.71062 0
38.6978 22.0728 -22.6995 -29.7 117 0.69968 0.699766 0
38.0594 21.7087 -24.0877 -29.7 118.8 0.688136 0.688221 0
37.3834 21.3231 -25.4521 -29.7 120.6 0.675914 0.675997 0
36.6705 20.9165 -26.7913 -29.7 122.4 0.663025 0.663106 0
35.9214 20.4892 -28.1042 -29.7 124.2 0.649481 0.649561 0
35.1369 20.0417 -29.3893 -29.7 126 0.635296 0.635374 0
34.3177 19.5745 -30.6454 -29.7 127.8 0.620484 0.620561 0
33.4646 19.0879 -31.8712 -29.7 129.6 0.60506 0.605135 0
32.5785 18.5825 -33.0656 -29.7 131.4 0.589039 0.589112 0
31.6603 18.0587 -34.2274 -29.7 133.2 0.572436 0.572507 0
30.7108 17.5171 -35.3553 -29.7 135 0.555269 0.555338 0
42.611 26.112 -1.57054 -31.5 91.8 0.784881 0.784978 0
42.5479 26.0734 -3.13953 -31.5 93.6 0.783719 0.783816 0
42.4428 26.009 -4.70542 -31.5 95.4 0.781784 0.78188 0
42.2958 25.9189 -6.26666 -31.5 97.2 0.779077 0.779173 0
42.1071 25.8033 -7.82172 -31.5 99 0.775601 0.775697 0
41.8769 25.6622 -9.36907 -31.5 100.8 0.77136 0.771455 0
41.6053 25.4958 -10.9072 -31.5 102.6 0.766357 0.766452 0
41.2926 25.3042 -12.4345 -31.5 104.4 0.760598 0.760692 0
40.9392 25.0876 -13.9496 -31.5 106.2 0.754089 0.754182 0
40.5454 24.8463 -15.4508 -31.5 108 0.746835 0.746927 0
40.1116 24.5804 -16.9369 -31.5 109.8 0.738844 0.738936 0
39.6382 24.2903 -18.4062 -31.5 111.6 0.730125 0.730215 0
39.1257 23.9763 -19.8574 -31.5 113.4 0.720684 0.720773 0
38.5746 23.6385 -21.289 -31.5 115.2 0.710533 0.71062 0
37.9854 23.2775 -22.6995 -31.5 117 0.69968 0.699766 0
37.3587 22.8934 -24.0877 -31.5 118.8 0.688136 0.688221 0
36.6952 22.4868 -25.4521 -31.5 120.6 0.675914 0.675997 0
35.9954 22.058 -26.7913 -31.5 122.4 0.663025 0.663106 0
35.2601 21.6074 -28.1042 -31.5 124.2 0.649481 0.649561 0
34.49 21.1355 -29.3893 -31.5 126 0.635296 0.635374 0
33.6859 20.6427 -30.6454 -31.5 127.8 0.620484 0.620561 0
32.8485 20.1296 -31.8712 -31.5 129.6 0.60506 0.605135 0
31.9787 19.5966 -33.0656 -31.5 131.4 0.589039 0.589112 0
31.0774 19.0443 -34.2274 -31.5 133.2 0.572436 0.572507 0
30.1454 18.4731 -35.3553 -31.5 135 0.555269 0.555338 0
41.7697 27.4376 -1.57054 -33.3 91.8 0.784881 0.784978 0
41.7079 27.397 -3.13953 -33.3 93.6 0.783719 0.783816 0
41.6049 27.3293 -4.70542 -33.3 95.4 0.781784 0.78188 0
41.4608 27.2347 -6.26666 -33.3 97.2 0.779077 0.779173 0
41.2759 27.1132 -7.82172 -33.3 99 0.775601 0.775697 0
41.0501 26.9649 -9.36907 -33.3 100.8 0.77136 0.771455 0
40.7839 26.79 -10.9072 -33.3 102.6 0.766357 0.766452 0
40.4774 26.5887 -12.4345 -33.3 104.4 0.760598 0.760692 0
40.131 26.3612 -13.9496 -33.3 106.2 0.754089 0.754182 0
39.745 26.1076 -15.4508 -33.3 108 0.746835 0.746927 0
39.3198 25.8283 -16.9369 -33.3 109.8 0.738844 0.738936 0
38.8557 25.5234 -18.4062 -33.3 111.6 0.730125 0.730215 0
38.3533 25.1934 -19.8574 -33.3 113.4 0.720684 0.720773 0
37.8131 24.8385 -21.289 -33.3 115.2 0.710533 0.71062 0
37.2355 24.4591 -22.6995 -33.3 117 0.69968 0.699766 0
36.6212 24.0556 -24.0877 -33.3 118.8 0.688136 0.688221 0
35.9707 23.6284 -25.4521 -33.3 120.6 0.675914 0.675997 0
35.2848 23.1778 -26.7913 -33.3 122.4 0.663025 0.663106 0
34.564 22.7043 -28.1042 -33.3 124.2 0.649481 0.649561 0
33.8091 22.2084 -29.3893 -33.3 126 0.635296 0.635374 0
33.0209 21.6907 -30.6454 -33.3 127.8 0.620484 0.620561 0
32.2 21.1515 -31.8712 -33.3 129.6 0.60506 0.605135 0
31.3474 20.5914 -33.0656 -33.3 131.4 0.589039 0.589112 0
30.4639 20.011 -34.2274 -33.3 133.2 0.572436 0.572507 0
29.5503 19.4109 -35.3553 -33.3 135 0.555269 0.555338 0
40.8873 28.7361 -1.57054 -35.1 91.8 0.784881 0.784978 0
40.8268 28.6935 -3.13953 -35.1 93.6 0.783719 0.783816 0
40.7259 28.6227 -4.70542 -35.1 95.4 0.781784 0.78188 0
40.5849 28.5236 -6.26666 -35.1 97.2 0.779077 0.779173 0
40.4038 28.3963 -7.82172 -35.1 99 0.775601 0.775697 0
40.1829 28.241 -9.36907 -35.1 100.8 0.77136 0.771455 0
39.9223 28.0579 -10.9072 -35.1 102.6 0.766357 0.766452 0
39.6223 27.847 -12.4345 -35.1 104.4 0.760598 0.760692 0
39.2832 27.6087 -13.9496 -35.1 106.2 0.754089 0.754182 0
38.9053 27.3431 -15.4508 -35.1 108 0.746835 0.746927 0
38.4891 27.0506 -16.9369 -35.1 109.8 0.738844 0.738936 0
38.0348 26.7313 -18.4062 -35.1 111.6 0.730125 0.730215 0
37.543 26.3857 -19.8574 -35.1 113.4 0.720684 0.720773 0
37.0142 26.014 -21.289 -35.1 115.2 0.710533 0.71062 0
36.4488 25.6167 -22.6995 -35.1 117 0.69968 0.699766 0
35.8475 25.194 -24.0877 -35.1 118.8 0.688136 0.688221 0
35.2108 24.7466 -25.4521 -35.1 120.6 0.675914 0.675997 0
34.5393 24.2746 -26.7913 -35.1 122.4 0.663025 0.663106 0
33.8338 23.7788 -28.1042 -35.1 124.2 0.649481 0.649561 0
33.0949 23.2595 -29.3893 -35.1 126 0.635296 0.635374 0
32.3233 22.7172 -30.6454 -35.1 127.8 0.620484 0.620561 0
31.5198 22.1525 -31.8712 -35.1 129.6 0.60506 0.605135 0
30.6852 21.5659 -33.0656 -35.1 131.4 0.589039 0.589112 0
29.8203 20.958 -34.2274 -35.1 133.2 0.572436 0.572507 0
28.926 20.3295 -35.3553 -35.1 135 0.555269 0.555338 0
39.9645 30.0062 -1.57054 -36.9 91.8 0.784881 0.784978 0
39.9053 29.9618 -3.13953 -36.9 93.6 0.783719 0.783816 0
39.8068 29.8878 -4.70542 -36.9 95.4 0.781784 0.78188 0
39.6689 29.7843 -6.26666 -36.9 97.2 0.779077 0.779173 0
39.492 29.6514 -7.82172 -36.9 99 0.775601 0.775697 0
39.276 29.4893 -9.36907 -36.9 100.8 0.77136 0.771455 0
39.0213 29.298 -10.9072 -36.9 102.6 0.766357 0.766452 0
38.7281 29.0778 -12.4345 -36.9 104.4 0.760598 0.760692 0
38.3966 28.829 -13.9496 -36.9 106.2 0.754089 0.754182 0
38.0273 28.5517 -15.4508 -36.9 108 0.746835 0.746927 0
37.6204 28.2462 -16.9369 -36.9 109.8 0.738844 0.738936 0
37.1764 27.9128 -18.4062 -36.9 111.6 0.730125 0.730215 0
36.6957 27.5519 -19.8574 -36.9 113.4 0.720684 0.720773 0
36.1788 27.1638 -21.289 -36.9 115.2 0.710533 0.71062 0
35.6262 26.7489 -22.6995 -36.9 117 0.69968 0.699766 0
35.0385 26.3076 -24.0877 -36.9 118.8 0.688136 0.688221 0
34.4161 25.8403 -25.4521 -36.9 120.6 0.675914 0.675997 0
33.7598 25.3476 -26.7913 -36.9 122.4 0.663025 0.663106 0
33.0702 24.8298 -28.1042 -36.9 124.2 0.649481 0.649561 0
32.3479 24.2875 -29.3893 -36.9 126 0.635296 0.635374 0
31.5937 23.7213 -30.6454 -36.9 127.8 0.620484 0.620561 0
30.8084 23.1316 -31.8712 -36.9 129.6 0.60506 0.605135 0
29.9926 22.5191 -33.0656 -36.9 131.4 0.589039 0.589112 0
29.1473 21.8844 -34.2274 -36.9 133.2 0.572436 0.572507 0
28.2731 21.2281 -35.3553 -36.9 135 0.555269 0.555338 0
39.0023 31.2467 -1.57054 -38.7 91.8 0.784881 0.784978 0
38.9445 31.2004 -3.13953 -38.7 93.6 0.783719 0.783816 0
38.8483 31.1234 -4.70542 -38.7 95.4 0.781784 0.78188 0
38.7138 31.0156 -6.26666 -38.7 97.2 0.779077 0.779173 0
38.5411 30.8772 -7.82172 -38.7 99 0.775601 0.775697 0
38.3303 30.7084 -9.36907 -38.7 100.8 0.77136 0.771455 0
38.0818 30.5092 -10.9072 -38.7 102.6 0.766357 0.766452 0
37.7956 30.28 -12.4345 -38.7 104.4 0.760598 0.760692 0
37.4721 30.0208 -13.9496 -38.7 106.2 0.754089 0.754182 0
37.1117 29.7321 -15.4508 -38.7 108 0.746835 0.746927 0
36.7146 29.4139 -16.9369 -38.7 109.8 0.738844 0.738936 0
36.2813 29.0668 -18.4062 -38.7 111.6 0.730125 0.730215 0
35.8122 28.691 -19.8574 -38.7 113.4 0.720684 0.720773 0
35.3077 28.2868 -21.289 -38.7 115.2 0.710533 0.71062 0
34.7684 27.8548 -22.6995 -38.7 117 0.69968 0.699766 0
34.1948 27.3952 -24.0877 -38.7 118.8 0.688136 0.688221 0
33.5875 26.9086 -25.4521 -38.7 120.6 0.675914 0.675997 0
32.947 26.3955 -26.7913 -38.7 122.4 0.663025 0.663106 0
32.2739 25.8563 -28.1042 -38.7 124.2 0.649481 0.649561 0
31.5691 25.2916 -29.3893 -38.7 126 0.635296 0.635374 0
30.833 24.7019 -30.6454 -38.7 127.8 0.620484 0.620561 0
30.0666 24.0879 -31.8712 -38.7 129.6 0.60506 0.605135 0
29.2705 23.4501 -33.0656 -38.7 131.4 0.589039 0.589112 0
28.4455 22.7891 -34.2274 -38.7 133.2 0.572436 0.572507 0
27.5924 22.1057 -35.3553 -38.7 135 0.555269 0.555338 0
38.0015 32.4564 -1.57054 -40.5 91.8 0.784881 0.784978 0
37.9453 32.4083 -3.13953 -40.5 93.6 0.783719 0.783816 0
37.8516 32.3283 -4.70542 -40.5 95.4 0.781784 0.78188 0
37.7205 32.2163 -6.26666 -40.5 97.2 0.779077 0.779173 0
37.5522 32.0726 -7.82172 -40.5 99 0.775601 0.775697 0
37.3469 31.8972 -9.36907 -40.5 100.8 0.77136 0.771455 0
37.1046 31.6904 -10.9072 -40.5 102.6 0.766357 0.766452 0
36.8258 31.4522 -12.4345 -40.5 104.4 0.760598 0.760692 0
36.5107 31.183 -13.9496 -40.5 106.2 0.754089 0.754182 0
36.1595 30.8831 -15.4508 -40.5 108 0.746835 0.746927 0
35.7726 30.5527 -16.9369 -40.5 109.8 0.738844 0.738936 0
35.3504 30.1921 -18.4062 -40.5 111.6 0.730125 0.730215 0
34.8933 29.8017 -19.8574 -40.5 113.4 0.720684 0.720773 0
34.4018 29.3819 -21.289 -40.5 115.2 0.710533 0.71062 0
33.8763 28.9331 -22.6995 -40.5 117 0.69968 0.699766 0
33.3174 28.4558 -24.0877 -40.5 118.8 0.688136 0.688221 0
32.7257 27.9504 -25.4521 -40.5 120.6 0.675914 0.675997 0
32.1016 27.4174 -26.7913 -40.5 122.4 0.663025 0.663106 0
31.4459 26.8573 -28.1042 -40.5 124.2 0.649481 0.649561 0
30.7591 26.2707 -29.3893 -40.5 126 0.635296 0.635374 0
30.0419 25.6582 -30.6454 -40.5 127.8 0.620484 0.620561 0
29.2951 25.0204 -31.8712 -40.5 129.6 0.60506 0.605135 0
28.5194 24.3579 -33.0656 -40.5 131.4 0.589039 0.589112 0
27.7156 23.6714 -34.2274 -40.5 133.2 0.572436 0.572507 0
26.8844 22.9615 -35.3553 -40.5 135 0.555269 0.555338 0
36.9633 33.634 -1.57054 -42.3 91.8 0.784881 0.784978 0
36.9086 33.5842 -3.13953 -42.3 93.6 0.783719 0.783816 0
36.8174 33.5013 -4.70542 -42.3 95.4 0.781784 0.78188 0
36.6899 33.3853 -6.26666 -42.3 97.2 0.779077 0.779173 0
36.5263 33.2363 -7.82172 -42.3 99 0.775601 0.775697 0
36.3265 33.0546 -9.36907 -42.3 100.8 0.77136 0.771455 0
36.0909 32.8402 -10.9072 -42.3 102.6 0.766357 0.766452 0
35.8197 32.5934 -12.4345 -42.3 104.4 0.760598 0.760692 0
35.5132 32.3145 -13.9496 -42.3 106.2 0.754089 0.754182 0
35.1715 32.0036 -15.4508 -42.3 108 0.746835 0.746927 0
34.7952 31.6612 -16.9369 -42.3 109.8 0.738844 0.738936 0
34.3846 31.2876 -18.4062 -42.3 111.6 0.730125 0.730215 0
33.94 30.883 -19.8574 -42.3 113.4 0.720684 0.720773 0
33.4619 30.448 -21.289 -42.3 115.2 0.710533 0.71062 0
32.9508 29.9829 -22.6995 -42.3 117 0.69968 0.699766 0
32.4072 29.4883 -24.0877 -42.3 118.8 0.688136 0.688221 0
31.8316 28.9645 -25.4521 -42.3 120.6 0.675914 0.675997 0
31.2246 28.4122 -26.7913 -42.3 122.4 0.663025 0.663106 0
30.5867 27.8318 -28.1042 -42.3 124.2 0.649481 0.649561 0
29.9187 27.2239 -29.3893 -42.3 126 0.635296 0.635374 0
29.2212 26.5892 -30.6454 -42.3 127.8 0.620484 0.620561 0
28.4948 25.9283 -31.8712 -42.3 129.6 0.60506 0.605135 0
27.7403 25.2417 -33.0656 -42.3 131.4 0.589039 0.589112 0
26.9584 24.5303 -34.2274 -42.3 133.2 0.572436 0.572507 0
26.1499 23.7946 -35.3553 -42.3 135 0.555269 0.555338 0
35.8886 34.7785 -1.57054 -44.1 91.8 0.784881 0.784978 0
35.8355 34.727 -3.13953 -44.1 93.6 0.783719 0.783816 0
35.747 34.6412 -4.70542 -44.1 95.4 0.781784 0.78188 0
35.6232 34.5213 -6.26666 -44.1 97.2 0.779077 0.779173 0
35.4642 34.3672 -7.82172 -44.1 99 0.775601 0.775697 0
35.2703 34.1793 -9.36907 -44.1 100.8 0.77136 0.771455 0
35.0416 33.9576 -10.9072 -44.1 102.6 0.766357 0.766452 0
34.7783 33.7025 -12.4345 -44.1 104.4 0.760598 0.760692 0
34.4806 33.414 -13.9496 -44.1 106.2 0.754089 0.754182 0
34.1489 33.0926 -15.4508 -44.1 108 0.746835 0.746927 0
33.7836 32.7385 -16.9369 -44.1 109.8 0.738844 0.738936 0
33.3848 32.3522 -18.4062 -44.1 111.6 0.730125 0.730215 0
32.9532 31.9339 -19.8574 -44.1 113.4 0.720684 0.720773 0
32.489 31.484 -21.289 -44.1 115.2 0.710533 0.71062 0
31.9928 31.0031 -22.6995 -44.1 117 0.69968 0.699766 0
31.4649 30.4917 -24.0877 -44.1 118.8 0.688136 0.688221 0
30.9061 29.9501 -25.4521 -44.1 120.6 0.675914 0.675997 0
30.3167 29.3789 -26.7913 -44.1 122.4 0.663025 0.663106 0
29.6974 28.7788 -28.1042 -44.1 124.2 0.649481 0.649561 0
29.0488 28.1503 -29.3893 -44.1 126 0.635296 0.635374 0
28.3716 27.4939 -30.6454 -44.1 127.8 0.620484 0.620561 0
27.6663 26.8105 -31.8712 -44.1 129.6 0.60506 0.605135 0
26.9337 26.1006 -33.0656 -44.1 131.4 0.589039 0.589112 0
26.1746 25.3649 -34.2274 -44.1 133.2 0.572436 0.572507 0
25.3896 24.6042 -35.3553 -44.1 135 0.555269 0.555338 0
34.7785 35.8886 -1.57054 -45.9 91.8 0.784881 0.784978 0
34.727 35.8355 -3.13953 -45.9 93.6 0.783719 0.783816 0
34.6412 35.747 -4.70542 -45.9 95.4 0.781784 0.78188 0
34.5213 35.6232 -6.26666 -45.9 97.2 0.779077 0.779173 0
34.3672 35.4642 -7.82172 -45.9 99 0.775601 0.775697 0
34.1793 35.2703 -9.36907 -45.9 100.8 0.77136 0.771455 0
33.9576 35.0416 -10.9072 -45.9 102.6 0.766357 0.766452 0
33.7025 34.7783 -12.4345 -45.9 104.4 0.760598 0.760692 0
33.414 34.4806 -13.9496 -45.9 106.2 0.754089 0.754182 0
33.0926 34.1489 -15.4508 -45.9 108 0.746835 0.746927 0
32.7385 33.7836 -16.9369 -45.9 109.8 0.738844 0.738936 0
32.3522 33.3848 -18.4062 -45.9 111.6 0.730125 0.730215 0
31.9339 32.9532 -19.8574 -45.9 113.4 0.720684 0.720773 0
31.484 32.489 -21.289 -45.9 115.2 0.710533 0.71062 0
31.0031 31.9928 -22.6995 -45.9 117 0.69968 0.699766 0
30.4917 31.4649 -24.0877 -45.9 118.8 0.688136 0.688221 0
29.9501 30.9061 -25.4521 -45.9 120.6 0.675914 0.675997 0
29.3789 30.3167 -26.7913 -45.9 122.4 0.663025 0.663106 0
28.7788 29.6974 -28.1042 -45.9 124.2 0.649481 0.649561 0
28.1503 29.0488 -29.3893 -45.9 126 0.635296 0.635374 0
27.4939 28.3716 -30.6454 -45.9 127.8 0.620484 0.620561 0
26.8105 27.6663 -31.8712 -45.9 129.6 0.60506 0.605135 0
26.1006 26.9337 -33.0656 -45.9 131.4 0.589039 0.589112 0
25.3649 26.1746 -34.2274 -45.9 133.2 0.572436 0.572507 0
24.6042 25.3896 -35.3553 -45.9 135 0.555269 0.555338 0
33.634 36.9633 -1.57054 -47.7 91.8 0.784881 0.784978 0
33.5842 36.9086 -3.13953 -47.7 93.6 0.783719 0.783816 0
33.5013 36.8174 -4.70542 -47.7 95.4 0.781784 0.78188 0
33.3853 36.6899 -6.26666 -47.7 97.2 0.779077 0.779173 0
33.2363 36.5263 -7.82172 -47.7 99 0.775601 0.775697 0
33.0546 36.3265 -9.36907 -47.7 100.8 0.77136 0.771455 0
32.8402 36.0909 -10.9072 -47.7 102.6 0.766357 0.766452 0
32.5934 35.8197 -12.4345 -47.7 104.4 0.760598 0.760692 0
32.3145 35.5132 -13.9496 -47.7 106.2 0.754089 0.754182 0
32.0036 35.1715 -15.4508 -47.7 108 0.746835 0.746927 0
31.6612 34.7952 -16.9369 -47.7 109.8 0.738844 0.738936 0
31.2876 34.3846 -18.4062 -47.7 111.6 0.730125 0.730215 0
30.883 33.94 -19.8574 -47.7 113.4 0.720684 0.720773 0
30.448 33.4619 -21.289 -47.7 115.2 0.710533 0.71062 0
29.9829 32.9508 -22.6995 -47.7 117 0.69968 0.699766 0
29.4883 32.4072 -24.0877 -47.7 118.8 0.688136 0.688221 0
28.9645 31.8316 -25.4521 -47.7 120.6 0.675914 0.675997 0
28.4122 31.2246 -26.7913 -47.7 122.4 0.663025 0.663106 0
27.8318 30.5867 -28.1042 -47.7 124.2 0.649481 0.649561 0
27.2239 29.9187 -29.3893 -47.7 126 0.635296 0.635374 0
26.5892 29.2212 -30.6454 -47.7 127.8 0.620484 0.620561 0
25.9283 28.4948 -31.8712 -47.7 129.6 0.60506 0.605135 0
25.2417 27.7403 -33.0656 -47.7 131.4 0.589039 0.589112 0
24.5303 26.9584 -34.2274 -47.7 133.2 0.572436 0.572507 0
23.7946 26.1499 -35.3553 -47.7 135 0.555269 0.555338 0
32.4564 38.0015 -1.57054 -49.5 91.8 0.784881 0.784978 0
32.4083 37.9453 -3.13953 -49.5 93.6 0.783719 0.783816 0
32.3283 37.8516 -4.70542 -49.5 95.4 0.781784 0.78188 0
32.2163 37.7205 -6.26666 -49.5 97.2 0.779077 0.779173 0
32.0726 37.5522 -7.82172 -49.5 99 0.775601 0.775697 0
31.8972 37.3469 -9.36907 -49.5 100.8 0.77136 0.771455 0
31.6904 37.1046 -10.9072 -49.5 102.6 0.766357 0.766452 0
31.4522 36.8258 -12.4345 -49.5 104.4 0.760598 0.760692 0
31.183 36.5107 -13.9496 -49.5 106.2 0.754089 0.754182 0
30.8831 36.1595 -15.4508 -49.5 108 0.746835 0.746927 0
30.5527 35.7726 -16.9369 -49.5 109.8 0.738844 0.738936 0
30.1921 35.3504 -18.4062 -49.5 111.6 0.730125 0.730215 0
29.8017 34.8933 -19.8574 -49.5 113.4 0.720684 0.720773 0
29.3819 34.4018 -21.289 -49.5 115.2 0.710533 0.71062 0
28.9331 33.8763 -22.6995 -49.5 117 0.69968 0.699766 0
28.4558 33.3174 -24.0877 -49.5 118.8 0.688136 0.688221 0
27.9504 32.7257 -25.4521 -49.5 120.6 0.675914 0.675997 0
27.4174 32.1016 -26.7913 -49.5 122.4 0.663025 0.663106 0
26.8573 31.4459 -28.1042 -49.5 124.2 0.649481 0.649561 0
26.2707 30.7591 -29.3893 -49.5 126 0.635296 0.635374 0
25.6582 30.0419 -30.6454 -49.5 127.8 0.620484 0.620561 0
25.0204 29.2951 -31.8712 -49.5 129.6 0.60506 0.605135 0
24.3579 28.5194 -33.0656 -49.5 131.4 0.589039 0.589112 0
23.6714 27.7156 -34.2274 -49.5 133.2 0.572436 0.572507 0
22.9615 26.8844 -35.3553 -49.5 135 0.555269 0.555338 0
31.2467 39.0023 -1.57054 -51.3 91.8 0.784881 0.784978 0
31.2004 38.9445 -3.13953 -51.3 93.6 0.783719 0.783816 0
31.1234 38.8483 -4.70542 -51.3 95.4 0.781784 0.78188 0
31.0156 38.7138 -6.26666 -51.3 97.2 0.779077 0.779173 0
30.8772 38.5411 -7.82172 -51.3 99 0.775601 0.775697 0
30.7084 38.3303 -9.36907 -51.3 100.8 0.77136 0.771455 0
30.5092 38.0818 -10.9072 -51.3 102.6 0.766357 0.766452 0
30.28 37.7956 -12.4345 -51.3 104.4 0.760598 0.760692 0
30.0208 37.4721 -13.9496 -51.3 106.2 0.754089 0.754182 0
29.7321 37.1117 -15.4508 -51.3 108 0.746835 0.746927 0
29.4139 36.7146 -16.9369 -51.3 109.8 0.738844 0.738936 0
29.0668 36.2813 -18.4062 -51.3 111.6 0.730125 0.730215 0
28.691 35.8122 -19.8574 -51.3 113.4 0.720684 0.720773 0
28.2868 35.3077 -21.289 -51.3 115.2 0.710533 0.71062 0
27.8548 34.7684 -22.6995 -51.3 117 0.69968 0.699766 0
27.3952 34.1948 -24.0877 -51.3 118.8 0.688136 0.688221 0
26.9086 33.5875 -25.4521 -51.3 120.6 0.675914 0.675997 0
26.3955 32.947 -26.7913 -51.3 122.4 0.663025 0.663106 0
25.8563 32.2739 -28.1042 -51.3 124.2 0.649481 0.649561 0
25.2916 31.5691 -29.3893 -51.3 126 0.635296 0.635374 0
24.7019 30.833 -30.6454 -51.3 127.8 0.620484 0.620561 0
24.0879 30.0666 -31.8712 -51.3 129.6 0.60506 0.605135 0
23.4501 29.2705 -33.0656 -51.3 131.4 0.589039 0.589112 0
22.7891 28.4455 -34.2274 -51.3 133.2 0.572436 0.572507 0
22.1057 27.5924 -35.3553 -51.3 135 0.555269 0.555338 0
30.0062 39.9645 -1.57054 -53.1 91.8 0.784881 0.784978 0
29.9618 39.9053 -3.13953 -53.1 93.6 0.783719 0.783816 0
29.8878 39.8068 -4.70542 -53.1 95.4 0.781784 0.78188 0
29.7843 39.6689 -6.26666 -53.1 97.2 0.779077 0.779173 0
29.6514 39.492 -7.82172 -53.1 99 0.775601 0.775697 0
29.4893 39.276 -9.36907 -53.1 100.8 0.77136 0.771455 0
29.298 39.0213 -10.9072 -53.1 102.6 0.766357 0.766452 0
29.0778 38.7281 -12.4345 -53.1 104.4 0.760598 0.760692 0
28.829 38.3966 -13.9496 -53.1 106.2 0.754089 0.754182 0
28.5517 38.0273 -15.4508 -53.1 108 0.746835 0.746927 0
28.2462 37.6204 -16.9369 -53.1 109.8 0.738844 0.738936 0
27.9128 37.1764 -18.4062 -53.1 111.6 0.730125 0.730215 0
27.5519 36.6957 -19.8574 -53.1 113.4 0.720684 0.720773 0
27.1638 36.1788 -21.289 -53.1 115.2 0.710533 0.71062 0
26.7489 35.6262 -22.6995 -53.1 117 0.69968 0.699766 0
26.3076 35.0385 -24.0877 -53.1 118.8 0.688136 0.688221 0
25.8403 34.4161 -25.4521 -53.1 120.6 0.675914 0.675997 0
25.3476 33.7598 -26.7913 -53.1 122.4 0.663025 0.663106 0
24.8298 33.0702 -28.1042 -53.1 124.2 0.649481 0.649561 0
24.2875 32.3479 -29.3893 -53.1 126 0.635296 0.635374 0
23.7213 31.5937 -30.6454 -53.1 127.8 0.620484 0.620561 0
23.1316 30.8084 -31.8712 -53.1 129.6 0.60506 0.605135 0
22.5191 29.9926 -33.0656 -53.1 131.4 0.589039 0.589112 0
21.8844 29.1473 -34.2274 -53.1 133.2 0.572436 0.572507 0
21.2281 28.2731 -35.3553 -53.1 135 0.555269 0.555338 0
28.7361 40.8873 -1.57054 -54.9 91.8 0.784881 0.784978 0
28.6935 40.8268 -3.13953 -54.9 93.6 0.783719 0.783816 0
28.6227 40.7259 -4.70542 -54.9 95.4 0.781784 0.78188 0
28.5236 40.5849 -6.26666 -54.9 97.2 0.779077 0.779173 0
28.3963 40.4038 -7.82172 -54.9 99 0.775601 0.775697 0
28.241 40.1829 -9.36907 -54.9 100.8 0.77136 0.771455 0
28.0579 39.9223 -10.9072 -54.9 102.6 0.766357 0.766452 0
27.847 39.6223 -12.4345 -54.9 104.4 0.760598 0.760692 0
27.6087 39.2832 -13.9496 -54.9 106.2 0.754089 0.754182 0
27.3431 38.9053 -15.4508 -54.9 108 0.746835 0.746927 0
27.0506 38.4891 -16.9369 -54.9 109.8 0.738844 0.738936 0
26.7313 38.0348 -18.4062 -54.9 111.6 0.730125 0.730215 0
26.3857 37.543 -19.8574 -54.9 113.4 0.720684 0.720773 0
26.014 37.0142 -21.289 -54.9 115.2 0.710533 0.71062 0
25.6167 36.4488 -22.6995 -54.9 117 0.69968 0.699766 0
25.194 35.8475 -24.0877 -54.9 118.8 0.688136 0.688221 0
24.7466 35.2108 -25.4521 -54.9 120.6 0.675914 0.675997 0
24.2746 34.5393 -26.7913 -54.9 122.4 0.663025 0.663106 0
23.7788 33.8338 -28.1042 -54.9 124.2 0.649481 0.649561 0
23.2595 33.0949 -29.3893 -54.9 126 0.635296 0.635374 0
22.7172 32.3233 -30.6454 -54.9 127.8 0.620484 0.620561 0
22.1525 31.5198 -31.8712 -54.9 129.6 0.60506 0.605135 0
21.5659 30.6852 -33.0656 -54.9 131.4 0.589039 0.589112 0
20.958 29.8203 -34.2274 -54.9 133.2 0.572436 0.572507 0
20.3295 28.926 -35.3553 -54.9 135 0.555269 0.555338 0
27.4376 41.7697 -1.57054 -56.7 91.8 0.784881 0.784978 0
27.397 41.7079 -3.13953 -56.7 93.6 0.783719 0.783816 0
27.3293 41.6049 -4.70542 -56.7 95.4 0.781784 0.78188 0
27.2347 41.4608 -6.26666 -56.7 97.2 0.779077 0.779173 0
27.1132 41.2759 -7.82172 -56.7 99 0.775601 0.775697 0
26.9649 41.0501 -9.36907 -56.7 100.8 0.77136 0.771455 0
26.79 40.7839 -10.9072 -56.7 102.6 0.766357 0.766452 0
26.5887 40.4774 -12.4345 -56.7 104.4 0.760598 0.760692 0
26.3612 40.131 -13.9496 -56.7 106.2 0.754089 0.754182 0
26.1076 39.745 -15.4508 -56.7 108 0.746835 0.746927 0
25.8283 39.3198 -16.9369 -56.7 109.8 0.738844 0.738936 0
25.5234 38.8557 -18.4062 -56.7 111.6 0.730125 0.730215 0
25.1934 38.3533 -19.8574 -56.7 113.4 0.720684 0.720773 0
24.8385 37.8131 -21.289 -56.7 115.2 0.710533 0.71062 0
24.4591 37.2355 -22.6995 -56.7 117 0.69968 0.699766 0
24.0556 36.6212 -24.0877 -56.7 118.8 0.688136 0.688221 0
23.6284 35.9707 -25.4521 -56.7 120.6 0.675914 0.675997 0
23.1778 35.2848 -26.7913 -56.7 122.4 0.663025 0.663106 0
22.7043 34.564 -28.1042 -56.7 124.2 0.649481 0.649561 0
22.2084 33.8091 -29.3893 -56.7 126 0.635296 0.635374 0
21.6907 33.0209 -30.6454 -56.7 127.8 0.620484 0.620561 0
21.1515 32.2 -31.8712 -56.7 129.6 0.60506 0.605135 0
20.5914 31.3474 -33.0656 -56.7 131.4 0.589039 0.589112 0
20.011 30.4639 -34.2274 -56.7 133.2 0.572436 0.572507 0
19.4109 29.5503 -35.3553 -56.7 135 0.555269 0.555338 0
26.112 42.611 -1.57054 -58.5 91.8 0.784881 0.784978 0
26.0734 42.5479 -3.13953 -58.5 93.6 0.783719 0.783816 0
26.009 42.4428 -4.70542 -58.5 95.4 0.781784 0.78188 0
25.9189 42.2958 -6.26666 -58.5 97.2 0.779077 0.779173 0
25.8033 42.1071 -7.82172 -58.5 99 0.775601 0.775697 0
25.6622 41.8769 -9.36907 -58.5 100.8 0.77136 0.771455 0
25.4958 41.6053 -10.9072 -58.5 102.6 0.766357 0.766452 0
25.3042 41.2926 -12.4345 -58.5 104.4 0.760598 0.760692 0
25.0876 40.9392 -13.9496 -58.5 106.2 0.754089 0.754182 0
24.8463 40.5454 -15.4508 -58.5 108 0.746835 0.746927 0
24.5804 40.1116 -16.9369 -58.5 109.8 0.738844 0.738936 0
24.2903 39.6382 -18.4062 -58.5 111.6 0.730125 0.730215 0
23.9763 39.1257 -19.8574 -58.5 113.4 0.720684 0.720773 0
23.6385 38.5746 -21.289 -58.5 115.2 0.710533 0.71062 0
23.2775 37.9854 -22.6995 -58.5 117 0.69968 0.699766 0
22.8934 37.3587 -24.0877 -58.5 118.8 0.688136 0.688221 0
22.4868 36.6952 -25.4521 -58.5 120.6 0.675914 0.675997 0
22.058 35.9954 -26.7913 -58.5 122.4 0.663025 0.663106 0
21.6074 35.2601 -28.1042 -58.5 124.2 0.649481 0.649561 0
21.1355 34.49 -29.3893 -58.5 126 0.635296 0.635374 0
20.6427 33.6859 -30.6454 -58.5 127.8 0.620484 0.620561 0
20.1296 32.8485 -31.8712 -58.5 129.6 0.60506 0.605135 0
19.5966 31.9787 -33.0656 -58.5 131.4 0.589039 0.589112 0
19.0443 31.0774 -34.2274 -58.5 133.2 0.572436 0.572507 0
18.4731 30.1454 -35.3553 -58.5 135 0.555269 0.555338 0
24.7607 43.4101 -1.57054 -60.3 91.8 0.784881 0.784978 0
24.724 43.3459 -3.13953 -60.3 93.6 0.783719 0.783816 0
24.663 43.2388 -4.70542 -60.3 95.4 0.781784 0.78188 0
24.5776 43.0891 -6.26666 -60.3 97.2 0.779077 0.779173 0
24.4679 42.8969 -7.82172 -60.3 99 0.775601 0.775697 0
24.3341 42.6623 -9.36907 -60.3 100.8 0.77136 0.771455 0
24.1763 42.3856 -10.9072 -60.3 102.6 0.766357 0.766452 0
23.9946 42.0671 -12.4345 -60.3 104.4 0.760598 0.760692 0
23.7893 41.7071 -13.9496 -60.3 106.2 0.754089 0.754182 0
23.5605 41.3059 -15.4508 -60.3 108 0.746835 0.746927 0
23.3084 40.8639 -16.9369 -60.3 109.8 0.738844 0.738936 0
23.0333 40.3817 -18.4062 -60.3 111.6 0.730125 0.730215 0
22.7355 39.8595 -19.8574 -60.3 113.4 0.720684 0.720773 0
22.4152 39.2981 -21.289 -60.3 115.2 0.710533 0.71062 0
22.0728 38.6978 -22.6995 -60.3 117 0.69968 0.699766 0
21.7087 38.0594 -24.0877 -60.3 118.8 0.688136 0.688221 0
21.3231 37.3834 -25.4521 -60.3 120.6 0.675914 0.675997 0
20.9165 36.6705 -26.7913 -60.3 122.4 0.663025 0.663106 0
20.4892 35.9214 -28.1042 -60.3 124.2 0.649481 0.649561 0
20.0417 35.1369 -29.3893 -60.3 126 0.635296 0.635374 0
19.5745 34.3177 -30.6454 -60.3 127.8 0.620484 0.620561 0
19.0879 33.4646 -31.8712 -60.3 129.6 0.60506 0.605135 0
18.5825 32.5785 -33.0656 -60.3 131.4 0.589039 0.589112 0
18.0587 31.6603 -34.2274 -60.3 133.2 0.572436 0.572507 0
17.5171 30.7108 -35.3553 -60.3 135 0.555269 0.555338 0
23.3849 44.1665 -1.57054 -62.1 91.8 0.784881 0.784978 0
23.3503 44.1011 -3.13953 -62.1 93.6 0.783719 0.783816 0
23.2927 43.9922 -4.70542 -62.1 95.4 0.781784 0.78188 0
23.212 43.8398 -6.26666 -62.1 97.2 0.779077 0.779173 0
23.1084 43.6443 -7.82172 -62.1 99 0.775601 0.775697 0
22.9821 43.4056 -9.36907 -62.1 100.8 0.77136 0.771455 0
22.833 43.1241 -10.9072 -62.1 102.6 0.766357 0.766452 0
22.6614 42.8 -12.4345 -62.1 104.4 0.760598 0.760692 0
22.4675 42.4337 -13.9496 -62.1 106.2 0.754089 0.754182 0
22.2514 42.0256 -15.4508 -62.1 108 0.746835 0.746927 0
22.0133 41.5759 -16.9369 -62.1 109.8 0.738844 0.738936 0
21.7535 41.0852 -18.4062 -62.1 111.6 0.730125 0.730215 0
21.4722 40.554 -19.8574 -62.1 113.4 0.720684 0.720773 0
21.1698 39.9828 -21.289 -62.1 115.2 0.710533 0.71062 0
20.8464 39.372 -22.6995 -62.1 117 0.69968 0.699766 0
20.5025 38.7225 -24.0877 -62.1 118.8 0.688136 0.688221 0
20.1383 38.0347 -25.4521 -62.1 120.6 0.675914 0.675997 0
19.7543 37.3094 -26.7913 -62.1 122.4 0.663025 0.663106 0
19.3508 36.5473 -28.1042 -62.1 124.2 0.649481 0.649561 0
18.9282 35.7491 -29.3893 -62.1 126 0.635296 0.635374 0
18.4869 34.9156 -30.6454 -62.1 127.8 0.620484 0.620561 0
18.0273 34.0477 -31.8712 -62.1 129.6 0.60506 0.605135 0
17.55 33.1461 -33.0656 -62.1 131.4 0.589039 0.589112 0
17.0553 32.2119 -34.2274 -62.1 133.2 0.572436 0.572507 0
16.5438 31.2458 -35.3553 -62.1 135 0.555269 0.555338 0
21.9861 44.8792 -1.57054 -63.9 91.8 0.784881 0.784978 0
21.9536 44.8128 -3.13953 -63.9 93.6 0.783719 0.783816 0
21.8993 44.7021 -4.70542 -63.9 95.4 0.781784 0.78188 0
21.8235 44.5473 -6.26666 -63.9 97.2 0.779077 0.779173 0
21.7261 44.3486 -7.82172 -63.9 99 0.775601 0.775697 0
21.6073 44.1061 -9.36907 -63.9 100.8 0.77136 0.771455 0
21.4672 43.82 -10.9072 -63.9 102.6 0.766357 0.766452 0
21.3059 43.4907 -12.4345 -63.9 104.4 0.760598 0.760692 0
21.1235 43.1185 -13.9496 -63.9 106.2 0.754089 0.754182 0
20.9204 42.7037 -15.4508 -63.9 108 0.746835 0.746927 0
20.6965 42.2468 -16.9369 -63.9 109.8 0.738844 0.738936 0
20.4523 41.7482 -18.4062 -63.9 111.6 0.730125 0.730215 0
20.1878 41.2084 -19.8574 -63.9 113.4 0.720684 0.720773 0
19.9034 40.628 -21.289 -63.9 115.2 0.710533 0.71062 0
19.5994 40.0074 -22.6995 -63.9 117 0.69968 0.699766 0
19.2761 39.3474 -24.0877 -63.9 118.8 0.688136 0.688221 0
18.9337 38.6485 -25.4521 -63.9 120.6 0.675914 0.675997 0
18.5726 37.9115 -26.7913 -63.9 122.4 0.663025 0.663106 0
18.1933 37.1371 -28.1042 -63.9 124.2 0.649481 0.649561 0
17.7959 36.326 -29.3893 -63.9 126 0.635296 0.635374 0
17.381 35.479 -30.6454 -63.9 127.8 0.620484 0.620561 0
16.9489 34.5971 -31.8712 -63.9 129.6 0.60506 0.605135 0
16.5002 33.681 -33.0656 -63.9 131.4 0.589039 0.589112 0
16.0351 32.7317 -34.2274 -63.9 133.2 0.572436 0.572507 0
15.5542 31.7501 -35.3553 -63.9 135 0.555269 0.555338 0
20.5656 45.5477 -1.57054 -65.7 91.8 0.784881 0.784978 0
20.5351 45.4802 -3.13953 -65.7 93.6 0.783719 0.783816 0
20.4844 45.3679 -4.70542 -65.7 95.4 0.781784 0.78188 0
20.4135 45.2108 -6.26666 -65.7 97.2 0.779077 0.779173 0
20.3224 45.0091 -7.82172 -65.7 99 0.775601 0.775697 0
20.2113 44.763 -9.36907 -65.7 100.8 0.77136 0.771455 0
20.0802 44.4727 -10.9072 -65.7 102.6 0.766357 0.766452 0
19.9293 44.1385 -12.4345 -65.7 104.4 0.760598 0.760692 0
19.7587 43.7607 -13.9496 -65.7 106.2 0.754089 0.754182 0
19.5687 43.3398 -15.4508 -65.7 108 0.746835 0.746927 0
19.3593 42.8761 -16.9369 -65.7 109.8 0.738844 0.738936 0
19.1308 42.3701 -18.4062 -65.7 111.6 0.730125 0.730215 0
18.8835 41.8222 -19.8574 -65.7 113.4 0.720684 0.720773 0
18.6175 41.2331 -21.289 -65.7 115.2 0.710533 0.71062 0
18.3331 40.6033 -22.6995 -65.7 117 0.69968 0.699766 0
18.0306 39.9334 -24.0877 -65.7 118.8 0.688136 0.688221 0
17.7104 39.2242 -25.4521 -65.7 120.6 0.675914 0.675997 0
17.3727 38.4762 -26.7913 -65.7 122.4 0.663025 0.663106 0
17.0178 37.6902 -28.1042 -65.7 124.2 0.649481 0.649561 0
16.6461 36.867 -29.3893 -65.7 126 0.635296 0.635374 0
16.258 36.0075 -30.6454 -65.7 127.8 0.620484 0.620561 0
15.8539 35.1124 -31.8712 -65.7 129.6 0.60506 0.605135 0
15.4341 34.1827 -33.0656 -65.7 131.4 0.589039 0.589112 0
14.9991 33.2192 -34.2274 -65.7 133.2 0.572436 0.572507 0
14.5492 32.223 -35.3553 -65.7 135 0.555269 0.555338 0
19.1247 46.1712 -1.57054 -67.5 91.8 0.784881 0.784978 0
19.0964 46.1028 -3.13953 -67.5 93.6 0.783719 0.783816 0
19.0493 45.989 -4.70542 -67.5 95.4 0.781784 0.78188 0
18.9833 45.8297 -6.26666 -67.5 97.2 0.779077 0.779173 0
18.8986 45.6253 -7.82172 -67.5 99 0.775601 0.775697 0
18.7953 45.3758 -9.36907 -67.5 100.8 0.77136 0.771455 0
18.6734 45.0815 -10.9072 -67.5 102.6 0.766357 0.766452 0
18.533 44.7427 -12.4345 -67.5 104.4 0.760598 0.760692 0
18.3744 44.3598 -13.9496 -67.5 106.2 0.754089 0.754182 0
18.1977 43.9331 -15.4508 -67.5 108 0.746835 0.746927 0
18.003 43.463 -16.9369 -67.5 109.8 0.738844 0.738936 0
17.7905 42.9501 -18.4062 -67.5 111.6 0.730125 0.730215 0
17.5605 42.3947 -19.8574 -67.5 113.4 0.720684 0.720773 0
17.3131 41.7976 -21.289 -67.5 115.2 0.710533 0.71062 0
17.0487 41.1591 -22.6995 -67.5 117 0.69968 0.699766 0
16.7674 40.4801 -24.0877 -67.5 118.8 0.688136 0.688221 0
16.4696 39.7611 -25.4521 -67.5 120.6 0.675914 0.675997 0
16.1555 39.0029 -26.7913 -67.5 122.4 0.663025 0.663106 0
15.8255 38.2061 -28.1042 -67.5 124.2 0.649481 0.649561 0
15.4799 37.3717 -29.3893 -67.5 126 0.635296 0.635374 0
15.119 36.5004 -30.6454 -67.5 127.8 0.620484 0.620561 0
14.7431 35.5931 -31.8712 -67.5 129.6 0.60506 0.605135 0
14.3528 34.6506 -33.0656 -67.5 131.4 0.589039 0.589112 0
13.9482 33.674 -34.2274 -67.5 133.2 0.572436 0.572507 0
13.5299 32.6641 -35.3553 -67.5 135 0.555269 0.555338 0
17.665 46.7491 -1.57054 -69.3 91.8 0.784881 0.784978 0
17.6389 46.6799 -3.13953 -69.3 93.6 0.783719 0.783816 0
17.5953 46.5646 -4.70542 -69.3 95.4 0.781784 0.78188 0
17.5344 46.4034 -6.26666 -69.3 97.2 0.779077 0.779173 0
17.4561 46.1964 -7.82172 -69.3 99 0.775601 0.775697 0
17.3607 45.9437 -9.36907 -69.3 100.8 0.77136 0.771455 0
17.2481 45.6458 -10.9072 -69.3 102.6 0.766357 0.766452 0
17.1185 45.3028 -12.4345 -69.3 104.4 0.760598 0.760692 0
16.972 44.915 -13.9496 -69.3 106.2 0.754089 0.754182 0
16.8087 44.483 -15.4508 -69.3 108 0.746835 0.746927 0
16.6289 44.0071 -16.9369 -69.3 109.8 0.738844 0.738936 0
16.4326 43.4877 -18.4062 -69.3 111.6 0.730125 0.730215 0
16.2202 42.9254 -19.8574 -69.3 113.4 0.720684 0.720773 0
15.9917 42.3208 -21.289 -69.3 115.2 0.710533 0.71062 0
15.7474 41.6743 -22.6995 -69.3 117 0.69968 0.699766 0
15.4876 40.9868 -24.0877 -69.3 118.8 0.688136 0.688221 0
15.2125 40.2588 -25.4521 -69.3 120.6 0.675914 0.675997 0
14.9224 39.4911 -26.7913 -69.3 122.4 0.663025 0.663106 0
14.6176 38.6844 -28.1042 -69.3 124.2 0.649481 0.649561 0
14.2984 37.8395 -29.3893 -69.3 126 0.635296 0.635374 0
13.965 36.9573 -30.6454 -69.3 127.8 0.620484 0.620561 0
13.6179 36.0386 -31.8712 -69.3 129.6 0.60506 0.605135 0
13.2573 35.0843 -33.0656 -69.3 131.4 0.589039 0.589112 0
12.8836 34.0955 -34.2274 -69.3 133.2 0.572436 0.572507 0
12.4972 33.0729 -35.3553 -69.3 135 0.555269 0.555338 0
16.1879 47.2809 -1.57054 -71.1 91.8 0.784881 0.784978 0
16.1639 47.2109 -3.13953 -71.1 93.6 0.783719 0.783816 0
16.124 47.0943 -4.70542 -71.1 95.4 0.781784 0.78188 0
16.0682 46.9313 -6.26666 -71.1 97.2 0.779077 0.779173 0
15.9965 46.7219 -7.82172 -71.1 99 0.775601 0.775697 0
15.909 46.4664 -9.36907 -71.1 100.8 0.77136 0.771455 0
15.8058 46.165 -10.9072 -71.1 102.6 0.766357 0.766452 0
15.687 45.8181 -12.4345 -71.1 104.4 0.760598 0.760692 0
15.5528 45.426 -13.9496 -71.1 106.2 0.754089 0.754182 0
15.4032 44.989 -15.4508 -71.1 108 0.746835 0.746927 0
15.2384 44.5077 -16.9369 -71.1 109.8 0.738844 0.738936 0
15.0585 43.9824 -18.4062 -71.1 111.6 0.730125 0.730215 0
14.8638 43.4137 -19.8574 -71.1 113.4 0.720684 0.720773 0
14.6545 42.8022 -21.289 -71.1 115.2 0.710533 0.71062 0
14.4306 42.1484 -22.6995 -71.1 117 0.69968 0.699766 0
14.1925 41.453 -24.0877 -71.1 118.8 0.688136 0.688221 0
13.9405 40.7168 -25.4521 -71.1 120.6 0.675914 0.675997 0
13.6746 39.9403 -26.7913 -71.1 122.4 0.663025 0.663106 0
13.3953 39.1244 -28.1042 -71.1 124.2 0.649481 0.649561 0
13.1027 38.27 -29.3893 -71.1 126 0.635296 0.635374 0
12.7972 37.3777 -30.6454 -71.1 127.8 0.620484 0.620561 0
12.4791 36.4486 -31.8712 -71.1 129.6 0.60506 0.605135 0
12.1487 35.4835 -33.0656 -71.1 131.4 0.589039 0.589112 0
11.8063 34.4833 -34.2274 -71.1 133.2 0.572436 0.572507 0
11.4522 33.4492 -35.3553 -71.1 135 0.555269 0.555338 0
14.6948 47.7661 -1.57054 -72.9 91.8 0.784881 0.784978 0
14.673 47.6953 -3.13953 -72.9 93.6 0.783719 0.783816 0
14.6368 47.5776 -4.70542 -72.9 95.4 0.781784 0.78188 0
14.5861 47.4128 -6.26666 -72.9 97.2 0.779077 0.779173 0
14.521 47.2013 -7.82172 -72.9 99 0.775601 0.775697 0
14.4416 46.9432 -9.36907 -72.9 100.8 0.77136 0.771455 0
14.3479 46.6387 -10.9072 -72.9 102.6 0.766357 0.766452 0
14.2401 46.2883 -12.4345 -72.9 104.4 0.760598 0.760692 0
14.1183 45.8921 -13.9496 -72.9 106.2 0.754089 0.754182 0
13.9824 45.4507 -15.4508 -72.9 108 0.746835 0.746927 0
13.8328 44.9644 -16.9369 -72.9 109.8 0.738844 0.738936 0
13.6696 44.4337 -18.4062 -72.9 111.6 0.730125 0.730215 0
13.4928 43.8592 -19.8574 -72.9 113.4 0.720684 0.720773 0
13.3028 43.2414 -21.289 -72.9 115.2 0.710533 0.71062 0
13.0996 42.5809 -22.6995 -72.9 117 0.69968 0.699766 0
12.8835 41.8784 -24.0877 -72.9 118.8 0.688136 0.688221 0
12.6546 41.1346 -25.4521 -72.9 120.6 0.675914 0.675997 0
12.4133 40.3501 -26.7913 -72.9 122.4 0.663025 0.663106 0
12.1598 39.5259 -28.1042 -72.9 124.2 0.649481 0.649561 0
11.8942 38.6626 -29.3893 -72.9 126 0.635296 0.635374 0
11.6169 37.7612 -30.6454 -72.9 127.8 0.620484 0.620561 0
11.3281 36.8226 -31.8712 -72.9 129.6 0.60506 0.605135 0
11.0281 35.8475 -33.0656 -72.9 131.4 0.589039 0.589112 0
10.7173 34.8372 -34.2274 -72.9 133.2 0.572436 0.572507 0
10.3959 33.7924 -35.3553 -72.9 135 0.555269 0.555338 0
13.1871 48.2041 -1.57054 -74.7 91.8 0.784881 0.784978 0
13.1676 48.1327 -3.13953 -74.7 93.6 0.783719 0.783816 0
13.1351 48.0138 -4.70542 -74.7 95.4 0.781784 0.78188 0
13.0896 47.8476 -6.26666 -74.7 97.2 0.779077 0.779173 0
13.0312 47.6341 -7.82172 -74.7 99 0.775601 0.775697 0
12.96 47.3736 -9.36907 -74.7 100.8 0.77136 0.771455 0
12.8759 47.0664 -10.9072 -74.7 102.6 0.766357 0.766452 0
12.7791 46.7127 -12.4345 -74.7 104.4 0.760598 0.760692 0
12.6698 46.3129 -13.9496 -74.7 106.2 0.754089 0.754182 0
12.5479 45.8674 -15.4508 -74.7 108 0.746835 0.746927 0
12.4137 45.3767 -16.9369 -74.7 109.8 0.738844 0.738936 0
12.2671 44.8411 -18.4062 -74.7 111.6 0.730125 0.730215 0
12.1085 44.2614 -19.8574 -74.7 113.4 0.720684 0.720773 0
11.938 43.6379 -21.289 -74.7 115.2 0.710533 0.71062 0
11.7556 42.9713 -22.6995 -74.7 117 0.69968 0.699766 0
11.5617 42.2624 -24.0877 -74.7 118.8 0.688136 0.688221 0
11.3563 41.5118 -25.4521 -74.7 120.6 0.675914 0.675997 0
11.1398 40.7201 -26.7913 -74.7 122.4 0.663025 0.663106 0
10.9122 39.8883 -28.1042 -74.7 124.2 0.649481 0.649561 0
10.6739 39.0172 -29.3893 -74.7 126 0.635296 0.635374 0
10.425 38.1075 -30.6454 -74.7 127.8 0.620484 0.620561 0
10.1659 37.1602 -31.8712 -74.7 129.6 0.60506 0.605135 0
9.8967 36.1763 -33.0656 -74.7 131.4 0.589039 0.589112 0
9.61776 35.1566 -34.2274 -74.7 133.2 0.572436 0.572507 0
9.32932 34.1023 -35.3553 -74.7 135 0.555269 0.555338 0
11.6665 48.5945 -1.57054 -76.5 91.8 0.784881 0.784978 0
11.6492 48.5226 -3.13953 -76.5 93.6 0.783719 0.783816 0
11.6205 48.4027 -4.70542 -76.5 95.4 0.781784 0.78188 0
11.5802 48.2351 -6.26666 -76.5 97.2 0.779077 0.779173 0
11.5286 48.0199 -7.82172 -76.5 99 0.775601 0.775697 0
11.4655 47.7573 -9.36907 -76.5 100.8 0.77136 0.771455 0
11.3912 47.4476 -10.9072 -76.5 102.6 0.766357 0.766452 0
11.3056 47.0911 -12.4345 -76.5 104.4 0.760598 0.760692 0
11.2088 46.688 -13.9496 -76.5 106.2 0.754089 0.754182 0
11.101 46.2389 -15.4508 -76.5 108 0.746835 0.746927 0
10.9822 45.7442 -16.9369 -76.5 109.8 0.738844 0.738936 0
10.8526 45.2043 -18.4062 -76.5 111.6 0.730125 0.730215 0
10.7123 44.6198 -19.8574 -76.5 113.4 0.720684 0.720773 0
10.5614 43.9913 -21.289 -76.5 115.2 0.710533 0.71062 0
10.4001 43.3194 -22.6995 -76.5 117 0.69968 0.699766 0
10.2285 42.6047 -24.0877 -76.5 118.8 0.688136 0.688221 0
10.0468 41.848 -25.4521 -76.5 120.6 0.675914 0.675997 0
9.85522 41.05 -26.7913 -76.5 122.4 0.663025 0.663106 0
9.65391 40.2114 -28.1042 -76.5 124.2 0.649481 0.649561 0
9.44306 39.3332 -29.3893 -76.5 126 0.635296 0.635374 0
9.2229 38.4161 -30.6454 -76.5 127.8 0.620484 0.620561 0
8.99364 37.4612 -31.8712 -76.5 129.6 0.60506 0.605135 0
8.7555 36.4693 -33.0656 -76.5 131.4 0.589039 0.589112 0
8.50872 35.4414 -34.2274 -76.5 133.2 0.572436 0.572507 0
8.25354 34.3785 -35.3553 -76.5 135 0.555269 0.555338 0
10.1344 48.937 -1.57054 -78.3 91.8 0.784881 0.784978 0
10.1194 48.8645 -3.13953 -78.3 93.6 0.783719 0.783816 0
10.0944 48.7438 -4.70542 -78.3 95.4 0.781784 0.78188 0
10.0594 48.5751 -6.26666 -78.3 97.2 0.779077 0.779173 0
10.0145 48.3583 -7.82172 -78.3 99 0.775601 0.775697 0
9.95977 48.0939 -9.36907 -78.3 100.8 0.77136 0.771455 0
9.89518 47.782 -10.9072 -78.3 102.6 0.766357 0.766452 0
9.82082 47.4229 -12.4345 -78.3 104.4 0.760598 0.760692 0
9.73677 47.0171 -13.9496 -78.3 106.2 0.754089 0.754182 0
9.64311 46.5648 -15.4508 -78.3 108 0.746835 0.746927 0
9.53993 46.0666 -16.9369 -78.3 109.8 0.738844 0.738936 0
9.42734 45.5229 -18.4062 -78.3 111.6 0.730125 0.730215 0
9.30545 44.9343 -19.8574 -78.3 113.4 0.720684 0.720773 0
9.17437 44.3014 -21.289 -78.3 115.2 0.710533 0.71062 0
9.03424 43.6247 -22.6995 -78.3 117 0.69968 0.699766 0
8.88519 42.905 -24.0877 -78.3 118.8 0.688136 0.688221 0
8.72738 42.1429 -25.4521 -78.3 120.6 0.675914 0.675997 0
8.56095 41.3393 -26.7913 -78.3 122.4 0.663025 0.663106 0
8.38607 40.4948 -28.1042 -78.3 124.2 0.649481 0.649561 0
8.20292 39.6104 -29.3893 -78.3 126 0.635296 0.635374 0
8.01167 38.6869 -30.6454 -78.3 127.8 0.620484 0.620561 0
7.81251 37.7252 -31.8712 -78.3 129.6 0.60506 0.605135 0
7.60565 36.7263 -33.0656 -78.3 131.4 0.589039 0.589112 0
7.39128 35.6911 -34.2274 -78.3 133.2 0.572436 0.572507 0
7.16961 34.6208 -35.3553 -78.3 135 0.555269 0.555338 0
8.59221 49.2312 -1.57054 -80.1 91.8 0.784881 0.784978 0
8.57949 49.1583 -3.13953 -80.1 93.6 0.783719 0.783816 0
8.5583 49.0369 -4.70542 -80.1 95.4 0.781784 0.78188 0
8.52867 48.8671 -6.26666 -80.1 97.2 0.779077 0.779173 0
8.49062 48.649 -7.82172 -80.1 99 0.775601 0.775697 0
8.44419 48.383 -9.36907 -80.1 100.8 0.77136 0.771455 0
8.38942 48.0692 -10.9072 -80.1 102.6 0.766357 0.766452 0
8.32638 47.708 -12.4345 -80.1 104.4 0.760598 0.760692 0
8.25512 47.2997 -13.9496 -80.1 106.2 0.754089 0.754182 0
8.17571 46.8447 -15.4508 -80.1 108 0.746835 0.746927 0
8.08824 46.3435 -16.9369 -80.1 109.8 0.738844 0.738936 0
7.99278 45.7966 -18.4062 -80.1 111.6 0.730125 0.730215 0
7.88944 45.2044 -19.8574 -80.1 113.4 0.720684 0.720773 0
7.77831 44.5677 -21.289 -80.1 115.2 0.710533 0.71062 0
7.6595 43.8869 -22.6995 -80.1 117 0.69968 0.699766 0
7.53313 43.1629 -24.0877 -80.1 118.8 0.688136 0.688221 0
7.39933 42.3962 -25.4521 -80.1 120.6 0.675914 0.675997 0
7.25823 41.5878 -26.7913 -80.1 122.4 0.663025 0.663106 0
7.10996 40.7382 -28.1042 -80.1 124.2 0.649481 0.649561 0
6.95468 39.8485 -29.3893 -80.1 126 0.635296 0.635374 0
6.79253 38.9195 -30.6454 -80.1 127.8 0.620484 0.620561 0
6.62368 37.952 -31.8712 -80.1 129.6 0.60506 0.605135 0
6.4483 36.9471 -33.0656 -80.1 131.4 0.589039 0.589112 0
6.26655 35.9057 -34.2274 -80.1 133.2 0.572436 0.572507 0
6.07861 34.8289 -35.3553 -80.1 135 0.555269 0.555338 0
7.04159 49.4768 -1.57054 -81.9 91.8 0.784881 0.784978 0
7.03116 49.4035 -3.13953 -81.9 93.6 0.783719 0.783816 0
7.0138 49.2815 -4.70542 -81.9 95.4 0.781784 0.78188 0
6.98951 49.1109 -6.26666 -81.9 97.2 0.779077 0.779173 0
6.95833 48.8917 -7.82172 -81.9 99 0.775601 0.775697 0
6.92027 48.6244 -9.36907 -81.9 100.8 0.77136 0.771455 0
6.87539 48.309 -10.9072 -81.9 102.6 0.766357 0.766452 0
6.82373 47.946 -12.4345 -81.9 104.4 0.760598 0.760692 0
6.76533 47.5357 -13.9496 -81.9 106.2 0.754089 0.754182 0
6.70025 47.0784 -15.4508 -81.9 108 0.746835 0.746927 0
6.62856 46.5747 -16.9369 -81.9 109.8 0.738844 0.738936 0
6.55033 46.025 -18.4062 -81.9 111.6 0.730125 0.730215 0
6.46564 45.4299 -19.8574 -81.9 113.4 0.720684 0.720773 0
6.37456 44.79 -21.289 -81.9 115.2 0.710533 0.71062 0
6.2772 44.1059 -22.6995 -81.9 117 0.69968 0.699766 0
6.17363 43.3782 -24.0877 -81.9 118.8 0.688136 0.688221 0
6.06398 42.6077 -25.4521 -81.9 120.6 0.675914 0.675997 0
5.94834 41.7952 -26.7913 -81.9 122.4 0.663025 0.663106 0
5.82683 40.9415 -28.1042 -81.9 124.2 0.649481 0.649561 0
5.69957 40.0473 -29.3893 -81.9 126 0.635296 0.635374 0
5.56669 39.1136 -30.6454 -81.9 127.8 0.620484 0.620561 0
5.42831 38.1413 -31.8712 -81.9 129.6 0.60506 0.605135 0
5.28458 37.1314 -33.0656 -81.9 131.4 0.589039 0.589112 0
5.13563 36.0848 -34.2274 -81.9 133.2 0.572436 0.572507 0
4.98161 35.0026 -35.3553 -81.9 135 0.555269 0.555338 0
5.48401 49.6735 -1.57054 -83.7 91.8 0.784881 0.784978 0
5.47589 49.6 -3.13953 -83.7 93.6 0.783719 0.783816 0
5.46237 49.4775 -4.70542 -83.7 95.4 0.781784 0.78188 0
5.44345 49.3062 -6.26666 -83.7 97.2 0.779077 0.779173 0
5.41916 49.0862 -7.82172 -83.7 99 0.775601 0.775697 0
5.38953 48.8178 -9.36907 -83.7 100.8 0.77136 0.771455 0
5.35458 48.5012 -10.9072 -83.7 102.6 0.766357 0.766452 0
5.31434 48.1367 -12.4345 -83.7 104.4 0.760598 0.760692 0
5.26886 47.7247 -13.9496 -83.7 106.2 0.754089 0.754182 0
5.21818 47.2657 -15.4508 -83.7 108 0.746835 0.746927 0
5.16235 46.7599 -16.9369 -83.7 109.8 0.738844 0.738936 0
5.10142 46.2081 -18.4062 -83.7 111.6 0.730125 0.730215 0
5.03546 45.6106 -19.8574 -83.7 113.4 0.720684 0.720773 0
4.96453 44.9681 -21.289 -83.7 115.2 0.710533 0.71062 0
4.8887 44.2813 -22.6995 -83.7 117 0.69968 0.699766 0
4.80805 43.5507 -24.0877 -83.7 118.8 0.688136 0.688221 0
4.72265 42.7772 -25.4521 -83.7 120.6 0.675914 0.675997 0
4.63259 41.9614 -26.7913 -83.7 122.4 0.663025 0.663106 0
4.53796 41.1043 -28.1042 -83.7 124.2 0.649481 0.649561 0
4.43885 40.2066 -29.3893 -83.7 126 0.635296 0.635374 0
4.33536 39.2692 -30.6454 -83.7 127.8 0.620484 0.620561 0
4.22759 38.293 -31.8712 -83.7 129.6 0.60506 0.605135 0
4.11565 37.2791 -33.0656 -83.7 131.4 0.589039 0.589112 0
3.99964 36.2283 -34.2274 -83.7 133.2 0.572436 0.572507 0
3.87969 35.1418 -35.3553 -83.7 135 0.555269 0.555338 0
3.92102 49.8213 -1.57054 -85.5 91.8 0.784881 0.784978 0
3.91521 49.7475 -3.13953 -85.5 93.6 0.783719 0.783816 0
3.90554 49.6246 -4.70542 -85.5 95.4 0.781784 0.78188 0
3.89202 49.4528 -6.26666 -85.5 97.2 0.779077 0.779173 0
3.87466 49.2322 -7.82172 -85.5 99 0.775601 0.775697 0
3.85347 48.963 -9.36907 -85.5 100.8 0.77136 0.771455 0
3.82848 48.6454 -10.9072 -85.5 102.6 0.766357 0.766452 0
3.79971 48.2799 -12.4345 -85.5 104.4 0.760598 0.760692 0
3.76719 47.8667 -13.9496 -85.5 106.2 0.754089 0.754182 0
3.73095 47.4062 -15.4508 -85.5 108 0.746835 0.746927 0
3.69103 46.899 -16.9369 -85.5 109.8 0.738844 0.738936 0
3.64747 46.3455 -18.4062 -85.5 111.6 0.730125 0.730215 0
3.60031 45.7463 -19.8574 -85.5 113.4 0.720684 0.720773 0
3.5496 45.1019 -21.289 -85.5 115.2 0.710533 0.71062 0
3.49538 44.413 -22.6995 -85.5 117 0.69968 0.699766 0
3.43771 43.6803 -24.0877 -85.5 118.8 0.688136 0.688221 0
3.37665 42.9044 -25.4521 -85.5 120.6 0.675914 0.675997 0
3.31226 42.0863 -26.7913 -85.5 122.4 0.663025 0.663106 0
3.2446 41.2265 -28.1042 -85.5 124.2 0.649481 0.649561 0
3.17374 40.3262 -29.3893 -85.5 126 0.635296 0.635374 0
3.09974 39.386 -30.6454 -85.5 127.8 0.620484 0.620561 0
3.02269 38.4069 -31.8712 -85.5 129.6 0.60506 0.605135 0
2.94265 37.3899 -33.0656 -85.5 131.4 0.589039 0.589112 0
2.85971 36.3361 -34.2274 -85.5 133.2 0.572436 0.572507 0
2.77395 35.2464 -35.3553 -85.5 135 0.555269 0.555338 0
2.35416 49.9198 -1.57054 -87.3 91.8 0.784881 0.784978 0
2.35067 49.8459 -3.13953 -87.3 93.6 0.783719 0.783816 0
2.34487 49.7228 -4.70542 -87.3 95.4 0.781784 0.78188 0
2.33675 49.5507 -6.26666 -87.3 97.2 0.779077 0.779173 0
2.32632 49.3296 -7.82172 -87.3 99 0.775601 0.775697 0
2.3136 49.0598 -9.36907 -87.3 100.8 0.77136 0.771455 0
2.2986 48.7417 -10.9072 -87.3 102.6 0.766357 0.766452 0
2.28133 48.3754 -12.4345 -87.3 104.4 0.760598 0.760692 0
2.2618 47.9614 -13.9496 -87.3 106.2 0.754089 0.754182 0
2.24004 47.5 -15.4508 -87.3 108 0.746835 0.746927 0
2.21608 46.9918 -16.9369 -87.3 109.8 0.738844 0.738936 0
2.18992 46.4372 -18.4062 -87.3 111.6 0.730125 0.730215 0
2.16161 45.8368 -19.8574 -87.3 113.4 0.720684 0.720773 0
2.13116 45.1911 -21.289 -87.3 115.2 0.710533 0.71062 0
2.09861 44.5009 -22.6995 -87.3 117 0.69968 0.699766 0
2.06398 43.7667 -24.0877 -87.3 118.8 0.688136 0.688221 0
2.02733 42.9893 -25.4521 -87.3 120.6 0.675914 0.675997 0
1.98866 42.1695 -26.7913 -87.3 122.4 0.663025 0.663106 0
1.94804 41.3081 -28.1042 -87.3 124.2 0.649481 0.649561 0
1.9055 40.4059 -29.3893 -87.3 126 0.635296 0.635374 0
1.86107 39.4639 -30.6454 -87.3 127.8 0.620484 0.620561 0
1.81481 38.4829 -31.8712 -87.3 129.6 0.60506 0.605135 0
1.76675 37.4639 -33.0656 -87.3 131.4 0.589039 0.589112 0
1.71696 36.408 -34.2274 -87.3 133.2 0.572436 0.572507 0
1.66546 35.3161 -35.3553 -87.3 135 0.555269 0.555338 0
0.784978 49.9692 -1.57054 -89.1 91.8 0.784881 0.784978 0
0.783816 49.8952 -3.13953 -89.1 93.6 0.783719 0.783816 0
0.78188 49.772 -4.70542 -89.1 95.4 0.781784 0.78188 0
0.779173 49.5996 -6.26666 -89.1 97.2 0.779077 0.779173 0
0.775697 49.3783 -7.82172 -89.1 99 0.775601 0.775697 0
0.771455 49.1083 -9.36907 -89.1 100.8 0.77136 0.771455 0
0.766452 48.7898 -10.9072 -89.1 102.6 0.766357 0.766452 0
0.760692 48.4232 -12.4345 -89.1 104.4 0.760598 0.760692 0
0.754182 48.0088 -13.9496 -89.1 106.2 0.754089 0.754182 0
0.746927 47.547 -15.4508 -89.1 108 0.746835 0.746927 0
0.738936 47.0382 -16.9369 -89.1 109.8 0.738844 0.738936 0
0.730215 46.4831 -18.4062 -89.1 111.6 0.730125 0.730215 0
0.720773 45.8821 -19.8574 -89.1 113.4 0.720684 0.720773 0
0.71062 45.2358 -21.289 -89.1 115.2 0.710533 0.71062 0
0.699766 44.5448 -22.6995 -89.1 117 0.69968 0.699766 0
0.688221 43.8099 -24.0877 -89.1 118.8 0.688136 0.688221 0
0.675997 43.0318 -25.4521 -89.1 120.6 0.675914 0.675997 0
0.663106 42.2112 -26.7913 -89.1 122.4 0.663025 0.663106 0
0.649561 41.3489 -28.1042 -89.1 124.2 0.649481 0.649561 0
0.635374 40.4459 -29.3893 -89.1 126 0.635296 0.635374 0
0.620561 39.5029 -30.6454 -89.1 127.8 0.620484 0.620561 0
0.605135 38.5209 -31.8712 -89.1 129.6 0.60506 0.605135 0
0.589112 37.5009 -33.0656 -89.1 131.4 0.589039 0.589112 0
0.572507 36.4439 -34.2274 -89.1 133.2 0.572436 0.572507 0
0.555338 35.351 -35.3553 -89.1 135 0.555269 0.555338 0
