# resolved stresses from BC code 51 for each patch: s_strike s_dip s_normal
 4.24724e+03  7.42570e+01 -2.37289e+03
 4.24095e+03  1.48221e+02 -2.36590e+03
 4.23048e+03  2.21600e+02 -2.35428e+03
 4.21583e+03  2.94104e+02 -2.33807e+03
 4.19702e+03  3.65448e+02 -2.31734e+03
 4.17407e+03  4.35349e+02 -2.29218e+03
 4.14700e+03  5.03532e+02 -2.26267e+03
 4.11584e+03  5.69728e+02 -2.22894e+03
 4.08061e+03  6.33676e+02 -2.19113e+03
 4.04136e+03  6.95122e+02 -2.14937e+03
 3.99812e+03  7.53826e+02 -2.10383e+03
 3.95093e+03  8.09554e+02 -2.05470e+03
 3.89985e+03  8.62088e+02 -2.00217e+03
 3.84492e+03  9.11219e+02 -1.94644e+03
 3.78619e+03  9.56754e+02 -1.88774e+03
 3.72372e+03  9.98513e+02 -1.82629e+03
 3.65758e+03  1.03633e+03 -1.76234e+03
 3.58783e+03  1.07006e+03 -1.69615e+03
 3.51454e+03  1.09957e+03 -1.62796e+03
 3.43779e+03  1.12473e+03 -1.55806e+03
 3.35763e+03  1.14546e+03 -1.48672e+03
 3.27417e+03  1.16167e+03 -1.41421e+03
 3.18748e+03  1.17329e+03 -1.34083e+03
 3.09763e+03  1.18028e+03 -1.26687e+03
 3.00474e+03  1.18261e+03 -1.19261e+03
 4.07350e+03  6.60434e+01 -2.11153e+03
 4.06747e+03  1.31826e+02 -2.10531e+03
 4.05743e+03  1.97088e+02 -2.09498e+03
 4.04338e+03  2.61573e+02 -2.08056e+03
 4.02534e+03  3.25025e+02 -2.06213e+03
 4.00332e+03  3.87195e+02 -2.03975e+03
 3.97736e+03  4.47836e+02 -2.01350e+03
 3.94747e+03  5.06710e+02 -1.98351e+03
 3.91369e+03  5.63584e+02 -1.94987e+03
 3.87604e+03  6.18234e+02 -1.91273e+03
 3.83457e+03  6.70445e+02 -1.87223e+03
 3.78932e+03  7.20009e+02 -1.82853e+03
 3.74032e+03  7.66732e+02 -1.78181e+03
 3.68763e+03  8.10428e+02 -1.73225e+03
 3.63131e+03  8.50927e+02 -1.68004e+03
 3.57140e+03  8.88067e+02 -1.62539e+03
 3.50797e+03  9.21702e+02 -1.56851e+03
 3.44107e+03  9.51700e+02 -1.50964e+03
 3.37078e+03  9.77942e+02 -1.44900e+03
 3.29716e+03  1.00032e+03 -1.38683e+03
 3.22029e+03  1.01876e+03 -1.32338e+03
 3.14024e+03  1.03317e+03 -1.25889e+03
 3.05709e+03  1.04351e+03 -1.19363e+03
 2.97092e+03  1.04973e+03 -1.12785e+03
 2.88182e+03  1.05180e+03 -1.06180e+03
 3.88369e+03  5.81886e+01 -1.86159e+03
 3.87794e+03  1.16147e+02 -1.85611e+03
 3.86836e+03  1.73648e+02 -1.84700e+03
 3.85497e+03  2.30463e+02 -1.83430e+03
 3.83777e+03  2.86369e+02 -1.81806e+03
 3.81678e+03  3.41144e+02 -1.79834e+03
 3.79203e+03  3.94573e+02 -1.77522e+03
 3.76353e+03  4.46445e+02 -1.74879e+03
 3.73132e+03  4.96555e+02 -1.71916e+03
 3.69543e+03  5.44706e+02 -1.68643e+03
 3.65589e+03  5.90707e+02 -1.65075e+03
 3.61274e+03  6.34376e+02 -1.61225e+03
 3.56603e+03  6.75542e+02 -1.57108e+03
 3.51580e+03  7.14041e+02 -1.52742e+03
 3.46210e+03  7.49723e+02 -1.48141e+03
 3.40498e+03  7.82446e+02 -1.43326e+03
 3.34450e+03  8.12081e+02 -1.38315e+03
 3.28072e+03  8.38511e+02 -1.33128e+03
 3.21371e+03  8.61632e+02 -1.27785e+03
 3.14352e+03  8.81353e+02 -1.22308e+03
 3.07023e+03  8.97595e+02 -1.16717e+03
 2.99391e+03  9.10294e+02 -1.11036e+03
 2.91464e+03  9.19402e+02 -1.05286e+03
 2.83248e+03  9.24880e+02 -9.94898e+02
 2.74754e+03  9.26709e+02 -9.36709e+02
 3.67855e+03  5.07238e+01 -1.62405e+03
 3.67310e+03  1.01247e+02 -1.61928e+03
 3.66403e+03  1.51371e+02 -1.61134e+03
 3.65134e+03  2.00898e+02 -1.60027e+03
 3.63505e+03  2.49631e+02 -1.58611e+03
 3.61517e+03  2.97380e+02 -1.56892e+03
 3.59173e+03  3.43955e+02 -1.54876e+03
 3.56474e+03  3.89172e+02 -1.52573e+03
 3.53423e+03  4.32854e+02 -1.49989e+03
 3.50023e+03  4.74827e+02 -1.47137e+03
 3.46278e+03  5.14926e+02 -1.44026e+03
 3.42191e+03  5.52993e+02 -1.40670e+03
 3.37767e+03  5.88878e+02 -1.37082e+03
 3.33009e+03  6.22439e+02 -1.33275e+03
 3.27923e+03  6.53543e+02 -1.29265e+03
 3.22512e+03  6.82068e+02 -1.25068e+03
 3.16784e+03  7.07901e+02 -1.20700e+03
 3.10743e+03  7.30941e+02 -1.16178e+03
 3.04396e+03  7.51095e+02 -1.11520e+03
 2.97747e+03  7.68286e+02 -1.06745e+03
 2.90806e+03  7.82444e+02 -1.01872e+03
 2.83577e+03  7.93515e+02 -9.69195e+02
 2.76068e+03  8.01454e+02 -9.19071e+02
 2.68287e+03  8.06230e+02 -8.68547e+02
 2.60241e+03  8.07824e+02 -8.17824e+02
 3.45889e+03  4.36782e+01 -1.39986e+03
 3.45376e+03  8.71839e+01 -1.39575e+03
 3.44523e+03  1.30346e+02 -1.38891e+03
 3.43331e+03  1.72993e+02 -1.37938e+03
 3.41799e+03  2.14957e+02 -1.36719e+03
 3.39930e+03  2.56074e+02 -1.35238e+03
 3.37725e+03  2.96179e+02 -1.33503e+03
 3.35187e+03  3.35116e+02 -1.31519e+03
 3.32319e+03  3.72730e+02 -1.29295e+03
 3.29122e+03  4.08873e+02 -1.26838e+03
 3.25601e+03  4.43403e+02 -1.24160e+03
 3.21758e+03  4.76182e+02 -1.21270e+03
 3.17598e+03  5.07083e+02 -1.18180e+03
 3.13124e+03  5.35982e+02 -1.14902e+03
 3.08341e+03  5.62766e+02 -1.11449e+03
 3.03254e+03  5.87329e+02 -1.07835e+03
 2.97868e+03  6.09574e+02 -1.04073e+03
 2.92188e+03  6.29413e+02 -1.00180e+03
 2.86219e+03  6.46768e+02 -9.61690e+02
 2.79968e+03  6.61571e+02 -9.20574e+02
 2.73440e+03  6.73763e+02 -8.78610e+02
 2.66643e+03  6.83296e+02 -8.35962e+02
 2.59583e+03  6.90132e+02 -7.92801e+02
 2.52266e+03  6.94244e+02 -7.49295e+02
 2.44701e+03  6.95617e+02 -7.05617e+02
 3.22558e+03  3.70799e+01 -1.18990e+03
 3.22080e+03  7.40132e+01 -1.18641e+03
 3.21285e+03  1.10655e+02 -1.18060e+03
 3.20172e+03  1.46859e+02 -1.17251e+03
 3.18744e+03  1.82484e+02 -1.16216e+03
 3.17001e+03  2.17389e+02 -1.14959e+03
 3.14945e+03  2.51436e+02 -1.13486e+03
 3.12578e+03  2.84491e+02 -1.11802e+03
 3.09903e+03  3.16423e+02 -1.09913e+03
 3.06922e+03  3.47106e+02 -1.07828e+03
 3.03638e+03  3.76419e+02 -1.05554e+03
 3.00055e+03  4.04247e+02 -1.03101e+03
 2.96175e+03  4.30479e+02 -1.00478e+03
 2.92003e+03  4.55013e+02 -9.76951e+02
 2.87543e+03  4.77750e+02 -9.47638e+02
 2.82799e+03  4.98603e+02 -9.16954e+02
 2.77776e+03  5.17487e+02 -8.85023e+02
 2.72479e+03  5.34329e+02 -8.51968e+02
 2.66913e+03  5.49063e+02 -8.17921e+02
 2.61084e+03  5.61629e+02 -7.83016e+02
 2.54996e+03  5.71979e+02 -7.47391e+02
 2.48658e+03  5.80072e+02 -7.11186e+02
 2.42074e+03  5.85875e+02 -6.74545e+02
 2.35251e+03  5.89367e+02 -6.37612e+02
 2.28195e+03  5.90532e+02 -6.00532e+02
 2.97954e+03  3.09546e+01 -9.94991e+02
 2.97513e+03  6.17870e+01 -9.92076e+02
 2.96778e+03  9.23756e+01 -9.87231e+02
 2.95750e+03  1.22600e+02 -9.80475e+02
 2.94431e+03  1.52340e+02 -9.71835e+02
 2.92821e+03  1.81479e+02 -9.61344e+02
 2.90922e+03  2.09901e+02 -9.49045e+02
 2.88735e+03  2.37496e+02 -9.34985e+02
 2.86264e+03  2.64153e+02 -9.19220e+02
 2.83511e+03  2.89767e+02 -9.01812e+02
 2.80477e+03  3.14238e+02 -8.82831e+02
 2.77167e+03  3.37469e+02 -8.62350e+02
 2.73583e+03  3.59368e+02 -8.40451e+02
 2.69730e+03  3.79849e+02 -8.17220e+02
 2.65610e+03  3.98831e+02 -7.92749e+02
 2.61228e+03  4.16238e+02 -7.67134e+02
 2.56588e+03  4.32003e+02 -7.40477e+02
 2.51695e+03  4.46063e+02 -7.12883e+02
 2.46553e+03  4.58363e+02 -6.84460e+02
 2.41169e+03  4.68853e+02 -6.55321e+02
 2.35546e+03  4.77494e+02 -6.25581e+02
 2.29691e+03  4.84250e+02 -5.95357e+02
 2.23609e+03  4.89094e+02 -5.64769e+02
 2.17306e+03  4.92009e+02 -5.33936e+02
 2.10789e+03  4.92982e+02 -5.02982e+02
 2.72174e+03  2.53268e+01 -8.15909e+02
 2.71771e+03  5.05534e+01 -8.13524e+02
 2.71100e+03  7.55807e+01 -8.09560e+02
 2.70161e+03  1.00310e+02 -8.04033e+02
 2.68956e+03  1.24643e+02 -7.96963e+02
 2.67485e+03  1.48484e+02 -7.88380e+02
 2.65750e+03  1.71739e+02 -7.78317e+02
 2.63753e+03  1.94317e+02 -7.66813e+02
 2.61496e+03  2.16127e+02 -7.53914e+02
 2.58980e+03  2.37085e+02 -7.39671e+02
 2.56210e+03  2.57107e+02 -7.24141e+02
 2.53186e+03  2.76114e+02 -7.07384e+02
 2.49912e+03  2.94031e+02 -6.89466e+02
 2.46392e+03  3.10788e+02 -6.70459e+02
 2.42628e+03  3.26319e+02 -6.50437e+02
 2.38625e+03  3.40562e+02 -6.29479e+02
 2.34387e+03  3.53460e+02 -6.07669e+02
 2.29917e+03  3.64964e+02 -5.85091e+02
 2.25221e+03  3.75028e+02 -5.61836e+02
 2.20302e+03  3.83611e+02 -5.37995e+02
 2.15166e+03  3.90680e+02 -5.13662e+02
 2.09817e+03  3.96208e+02 -4.88933e+02
 2.04261e+03  4.00172e+02 -4.63906e+02
 1.98504e+03  4.02556e+02 -4.38679e+02
 1.92551e+03  4.03352e+02 -4.13352e+02
 2.45320e+03  2.02184e+01 -6.53360e+02
 2.44957e+03  4.03570e+01 -6.51456e+02
 2.44352e+03  6.03364e+01 -6.48292e+02
 2.43506e+03  8.00775e+01 -6.43879e+02
 2.42419e+03  9.95028e+01 -6.38236e+02
 2.41093e+03  1.18535e+02 -6.31384e+02
 2.39530e+03  1.37100e+02 -6.23350e+02
 2.37730e+03  1.55124e+02 -6.14166e+02
 2.35695e+03  1.72535e+02 -6.03869e+02
 2.33428e+03  1.89265e+02 -5.92499e+02
 2.30931e+03  2.05249e+02 -5.80101e+02
 2.28205e+03  2.20423e+02 -5.66724e+02
 2.25255e+03  2.34726e+02 -5.52420e+02
 2.22082e+03  2.48103e+02 -5.37247e+02
 2.18689e+03  2.60502e+02 -5.21263e+02
 2.15081e+03  2.71872e+02 -5.04533e+02
 2.11261e+03  2.82169e+02 -4.87121e+02
 2.07233e+03  2.91352e+02 -4.69098e+02
 2.02999e+03  2.99386e+02 -4.50533e+02
 1.98566e+03  3.06238e+02 -4.31500e+02
 1.93936e+03  3.11882e+02 -4.12075e+02
 1.89115e+03  3.16294e+02 -3.92334e+02
 1.84108e+03  3.19459e+02 -3.72355e+02
 1.78919e+03  3.21362e+02 -3.52216e+02
 1.73553e+03  3.21998e+02 -3.31998e+02
 2.17498e+03  1.56498e+01 -5.07985e+02
 2.17176e+03  3.12379e+01 -5.06512e+02
 2.16639e+03  4.67027e+01 -5.04062e+02
 2.15889e+03  6.19831e+01 -5.00647e+02
 2.14926e+03  7.70189e+01 -4.96278e+02
 2.13751e+03  9.17508e+01 -4.90975e+02
 2.12364e+03  1.06121e+02 -4.84756e+02
 2.10768e+03  1.20072e+02 -4.77648e+02
 2.08965e+03  1.33549e+02 -4.69678e+02
 2.06955e+03  1.46499e+02 -4.60877e+02
 2.04740e+03  1.58871e+02 -4.51280e+02
 2.02324e+03  1.70616e+02 -4.40926e+02
 1.99708e+03  1.81687e+02 -4.29854e+02
 1.96895e+03  1.92042e+02 -4.18109e+02
 1.93887e+03  2.01638e+02 -4.05737e+02
 1.90689e+03  2.10439e+02 -3.92787e+02
 1.87302e+03  2.18409e+02 -3.79310e+02
 1.83730e+03  2.25518e+02 -3.65359e+02
 1.79977e+03  2.31736e+02 -3.50989e+02
 1.76046e+03  2.37040e+02 -3.36257e+02
 1.71942e+03  2.41408e+02 -3.21222e+02
 1.67667e+03  2.44824e+02 -3.05941e+02
 1.63228e+03  2.47273e+02 -2.90476e+02
 1.58627e+03  2.48747e+02 -2.74888e+02
 1.53870e+03  2.49239e+02 -2.59239e+02
 1.88817e+03  1.16390e+01 -3.80360e+02
 1.88538e+03  2.32321e+01 -3.79264e+02
 1.88072e+03  3.47335e+01 -3.77442e+02
 1.87421e+03  4.60978e+01 -3.74902e+02
 1.86585e+03  5.72802e+01 -3.71653e+02
 1.85564e+03  6.82366e+01 -3.67709e+02
 1.84361e+03  7.89236e+01 -3.63084e+02
 1.82975e+03  8.92992e+01 -3.57797e+02
 1.81410e+03  9.93223e+01 -3.51870e+02
 1.79665e+03  1.08953e+02 -3.45324e+02
 1.77742e+03  1.18155e+02 -3.38187e+02
 1.75645e+03  1.26889e+02 -3.30486e+02
 1.73373e+03  1.35124e+02 -3.22252e+02
 1.70931e+03  1.42824e+02 -3.13517e+02
 1.68320e+03  1.49962e+02 -3.04316e+02
 1.65543e+03  1.56507e+02 -2.94685e+02
 1.62603e+03  1.62435e+02 -2.84662e+02
 1.59502e+03  1.67721e+02 -2.74286e+02
 1.56244e+03  1.72346e+02 -2.63599e+02
 1.52832e+03  1.76290e+02 -2.52643e+02
 1.49269e+03  1.79539e+02 -2.41460e+02
 1.45558e+03  1.82079e+02 -2.30096e+02
 1.41704e+03  1.83901e+02 -2.18595e+02
 1.37710e+03  1.84997e+02 -2.07002e+02
 1.33580e+03  1.85363e+02 -1.95363e+02
 1.59391e+03  8.20178e+00 -2.70984e+02
 1.59155e+03  1.63712e+01 -2.70212e+02
 1.58762e+03  2.44760e+01 -2.68928e+02
 1.58213e+03  3.24841e+01 -2.67138e+02
 1.57507e+03  4.03641e+01 -2.64849e+02
 1.56646e+03  4.80848e+01 -2.62069e+02
 1.55630e+03  5.56157e+01 -2.58811e+02
 1.54460e+03  6.29272e+01 -2.55085e+02
 1.53138e+03  6.99903e+01 -2.50908e+02
 1.51665e+03  7.67771e+01 -2.46296e+02
 1.50042e+03  8.32610e+01 -2.41266e+02
 1.48272e+03  8.94163e+01 -2.35840e+02
 1.46354e+03  9.52187e+01 -2.30037e+02
 1.44293e+03  1.00645e+02 -2.23882e+02
 1.42089e+03  1.05675e+02 -2.17398e+02
 1.39745e+03  1.10287e+02 -2.10611e+02
 1.37263e+03  1.14464e+02 -2.03548e+02
 1.34645e+03  1.18189e+02 -1.96237e+02
 1.31895e+03  1.21448e+02 -1.88706e+02
 1.29014e+03  1.24228e+02 -1.80985e+02
 1.26006e+03  1.26517e+02 -1.73105e+02
 1.22874e+03  1.28307e+02 -1.65097e+02
 1.19620e+03  1.29591e+02 -1.56992e+02
 1.16249e+03  1.30363e+02 -1.48823e+02
 1.12762e+03  1.30621e+02 -1.40621e+02
 1.29337e+03  5.35167e+00 -1.80293e+02
 1.29145e+03  1.06822e+01 -1.79789e+02
 1.28826e+03  1.59706e+01 -1.78951e+02
 1.28380e+03  2.11959e+01 -1.77783e+02
 1.27807e+03  2.63376e+01 -1.76289e+02
 1.27109e+03  3.13754e+01 -1.74476e+02
 1.26284e+03  3.62893e+01 -1.72349e+02
 1.25335e+03  4.10600e+01 -1.69918e+02
 1.24263e+03  4.56687e+01 -1.67193e+02
 1.23067e+03  5.00971e+01 -1.64183e+02
 1.21750e+03  5.43279e+01 -1.60901e+02
 1.20314e+03  5.83442e+01 -1.57361e+02
 1.18758e+03  6.21302e+01 -1.53575e+02
 1.17085e+03  6.56711e+01 -1.49558e+02
 1.15297e+03  6.89528e+01 -1.45327e+02
 1.13395e+03  7.19624e+01 -1.40899e+02
 1.11380e+03  7.46879e+01 -1.36290e+02
 1.09256e+03  7.71187e+01 -1.31520e+02
 1.07025e+03  7.92452e+01 -1.26606e+02
 1.04687e+03  8.10589e+01 -1.21568e+02
 1.02246e+03  8.25527e+01 -1.16426e+02
 9.97048e+02  8.37207e+01 -1.11201e+02
 9.70648e+02  8.45583e+01 -1.05913e+02
 9.43289e+02  8.50622e+01 -1.00582e+02
 9.15000e+02  8.52303e+01 -9.52303e+01
 9.87715e+02  3.09995e+00 -1.08642e+02
 9.86252e+02  6.18766e+00 -1.08350e+02
 9.83817e+02  9.25095e+00 -1.07865e+02
 9.80410e+02  1.22777e+01 -1.07188e+02
 9.76036e+02  1.52561e+01 -1.06323e+02
 9.70698e+02  1.81742e+01 -1.05272e+02
 9.64403e+02  2.10206e+01 -1.04041e+02
 9.57156e+02  2.37840e+01 -1.02633e+02
 9.48964e+02  2.64536e+01 -1.01054e+02
 9.39836e+02  2.90188e+01 -9.93105e+01
 9.29780e+02  3.14694e+01 -9.74096e+01
 9.18807e+02  3.37958e+01 -9.53586e+01
 9.06927e+02  3.59889e+01 -9.31655e+01
 8.94152e+02  3.80400e+01 -9.08391e+01
 8.80495e+02  3.99409e+01 -8.83884e+01
 8.65968e+02  4.16842e+01 -8.58232e+01
 8.50587e+02  4.32630e+01 -8.31537e+01
 8.34367e+02  4.46710e+01 -8.03902e+01
 8.17323e+02  4.59027e+01 -7.75438e+01
 7.99472e+02  4.69533e+01 -7.46257e+01
 7.80833e+02  4.78186e+01 -7.16474e+01
 7.61423e+02  4.84952e+01 -6.86206e+01
 7.41261e+02  4.89804e+01 -6.55573e+01
 7.20368e+02  4.92722e+01 -6.24696e+01
 6.98764e+02  4.93696e+01 -5.93696e+01
 6.78164e+02  1.45552e+00 -5.63153e+01
 6.77160e+02  2.90529e+00 -5.61782e+01
 6.75488e+02  4.34360e+00 -5.59504e+01
 6.73149e+02  5.76476e+00 -5.56328e+01
 6.70146e+02  7.16317e+00 -5.52265e+01
 6.66481e+02  8.53332e+00 -5.47332e+01
 6.62159e+02  9.86978e+00 -5.41549e+01
 6.57183e+02  1.11673e+01 -5.34937e+01
 6.51558e+02  1.24207e+01 -5.27525e+01
 6.45291e+02  1.36252e+01 -5.19339e+01
 6.38387e+02  1.47758e+01 -5.10414e+01
 6.30852e+02  1.58681e+01 -5.00784e+01
 6.22696e+02  1.68979e+01 -4.90487e+01
 6.13924e+02  1.78609e+01 -4.79563e+01
 6.04547e+02  1.87534e+01 -4.68057e+01
 5.94573e+02  1.95720e+01 -4.56012e+01
 5.84013e+02  2.03132e+01 -4.43478e+01
 5.72876e+02  2.09744e+01 -4.30503e+01
 5.61173e+02  2.15527e+01 -4.17138e+01
 5.48917e+02  2.20460e+01 -4.03437e+01
 5.36119e+02  2.24523e+01 -3.89453e+01
 5.22792e+02  2.27699e+01 -3.75241e+01
 5.08950e+02  2.29977e+01 -3.60858e+01
 4.94604e+02  2.31348e+01 -3.46360e+01
 4.79771e+02  2.31805e+01 -3.31805e+01
 3.65940e+02  4.24865e-01 -2.35194e+01
 3.65398e+02  8.48051e-01 -2.34794e+01
 3.64496e+02  1.26789e+00 -2.34129e+01
 3.63234e+02  1.68273e+00 -2.33202e+01
 3.61613e+02  2.09092e+00 -2.32016e+01
 3.59636e+02  2.49087e+00 -2.30576e+01
 3.57303e+02  2.88098e+00 -2.28888e+01
 3.54618e+02  3.25973e+00 -2.26958e+01
 3.51583e+02  3.62560e+00 -2.24794e+01
 3.48201e+02  3.97717e+00 -2.22405e+01
 3.44476e+02  4.31305e+00 -2.19800e+01
 3.40410e+02  4.63190e+00 -2.16988e+01
 3.36009e+02  4.93247e+00 -2.13983e+01
 3.31276e+02  5.21358e+00 -2.10794e+01
 3.26216e+02  5.47411e+00 -2.07435e+01
 3.20834e+02  5.71304e+00 -2.03920e+01
 3.15135e+02  5.92942e+00 -2.00261e+01
 3.09126e+02  6.12240e+00 -1.96474e+01
 3.02811e+02  6.29121e+00 -1.92572e+01
 2.96198e+02  6.43520e+00 -1.88573e+01
 2.89292e+02  6.55380e+00 -1.84491e+01
 2.82101e+02  6.64652e+00 -1.80343e+01
 2.74631e+02  6.71302e+00 -1.76144e+01
 2.66890e+02  6.75302e+00 -1.71912e+01
 2.58886e+02  6.76637e+00 -1.67664e+01
 5.22690e+01  1.20398e-02 -1.03831e+01
 5.21916e+01  2.40320e-02 -1.03820e+01
 5.20627e+01  3.59294e-02 -1.03801e+01
 5.18824e+01  4.76849e-02 -1.03775e+01
 5.16510e+01  5.92524e-02 -1.03741e+01
 5.13685e+01  7.05859e-02 -1.03700e+01
 5.10354e+01  8.16409e-02 -1.03652e+01
 5.06519e+01  9.23737e-02 -1.03598e+01
 5.02184e+01  1.02742e-01 -1.03536e+01
 4.97353e+01  1.12705e-01 -1.03469e+01
 4.92032e+01  1.22223e-01 -1.03395e+01
 4.86225e+01  1.31258e-01 -1.03315e+01
 4.79938e+01  1.39776e-01 -1.03230e+01
 4.73177e+01  1.47742e-01 -1.03140e+01
 4.65950e+01  1.55125e-01 -1.03044e+01
 4.58263e+01  1.61895e-01 -1.02945e+01
 4.50123e+01  1.68027e-01 -1.02841e+01
 4.41540e+01  1.73496e-01 -1.02734e+01
 4.32520e+01  1.78280e-01 -1.02623e+01
 4.23074e+01  1.82360e-01 -1.02510e+01
 4.13210e+01  1.85721e-01 -1.02394e+01
 4.02938e+01  1.88348e-01 -1.02277e+01
 3.92269e+01  1.90233e-01 -1.02158e+01
 3.81213e+01  1.91366e-01 -1.02038e+01
 3.69780e+01  1.91745e-01 -1.01917e+01
-2.61608e+02  2.18684e-01 -1.69586e+01
-2.61221e+02  4.36504e-01 -1.69380e+01
-2.60576e+02  6.52603e-01 -1.69038e+01
-2.59674e+02  8.66124e-01 -1.68561e+01
-2.58515e+02  1.07623e+00 -1.67950e+01
-2.57101e+02  1.28209e+00 -1.67209e+01
-2.55434e+02  1.48288e+00 -1.66340e+01
-2.53514e+02  1.67783e+00 -1.65347e+01
-2.51345e+02  1.86615e+00 -1.64233e+01
-2.48927e+02  2.04711e+00 -1.63004e+01
-2.46264e+02  2.21999e+00 -1.61663e+01
-2.43357e+02  2.38411e+00 -1.60216e+01
-2.40211e+02  2.53882e+00 -1.58669e+01
-2.36827e+02  2.68351e+00 -1.57027e+01
-2.33210e+02  2.81760e+00 -1.55299e+01
-2.29362e+02  2.94058e+00 -1.53489e+01
-2.25288e+02  3.05196e+00 -1.51606e+01
-2.20992e+02  3.15129e+00 -1.49656e+01
-2.16478e+02  3.23818e+00 -1.47648e+01
-2.11750e+02  3.31229e+00 -1.45590e+01
-2.06813e+02  3.37333e+00 -1.43489e+01
-2.01672e+02  3.42106e+00 -1.41354e+01
-1.96332e+02  3.45529e+00 -1.39193e+01
-1.90798e+02  3.47588e+00 -1.37014e+01
-1.85076e+02  3.48275e+00 -1.34828e+01
-5.74453e+02  1.04398e+00 -4.32200e+01
-5.73603e+02  2.08384e+00 -4.31217e+01
-5.72186e+02  3.11548e+00 -4.29583e+01
-5.70205e+02  4.13482e+00 -4.27305e+01
-5.67661e+02  5.13784e+00 -4.24391e+01
-5.64557e+02  6.12059e+00 -4.20852e+01
-5.60895e+02  7.07918e+00 -4.16704e+01
-5.56680e+02  8.00983e+00 -4.11962e+01
-5.51916e+02  8.90887e+00 -4.06645e+01
-5.46607e+02  9.77275e+00 -4.00774e+01
-5.40759e+02  1.05981e+01 -3.94373e+01
-5.34377e+02  1.13816e+01 -3.87465e+01
-5.27467e+02  1.21201e+01 -3.80080e+01
-5.20037e+02  1.28109e+01 -3.72245e+01
-5.12094e+02  1.34510e+01 -3.63992e+01
-5.03646e+02  1.40381e+01 -3.55353e+01
-4.94700e+02  1.45698e+01 -3.46362e+01
-4.85266e+02  1.50440e+01 -3.37056e+01
-4.75354e+02  1.54588e+01 -3.27470e+01
-4.64972e+02  1.58126e+01 -3.17642e+01
-4.54131e+02  1.61041e+01 -3.07612e+01
-4.42842e+02  1.63319e+01 -2.97419e+01
-4.31116e+02  1.64953e+01 -2.87102e+01
-4.18965e+02  1.65936e+01 -2.76704e+01
-4.06400e+02  1.66264e+01 -2.66264e+01
-8.85031e+02  2.48468e+00 -8.90636e+01
-8.83721e+02  4.95954e+00 -8.88296e+01
-8.81538e+02  7.41484e+00 -8.84407e+01
-8.78486e+02  9.84086e+00 -8.78985e+01
-8.74566e+02  1.22281e+01 -8.72049e+01
-8.69784e+02  1.45670e+01 -8.63629e+01
-8.64143e+02  1.68484e+01 -8.53756e+01
-8.57649e+02  1.90634e+01 -8.42470e+01
-8.50309e+02  2.12031e+01 -8.29816e+01
-8.42130e+02  2.32591e+01 -8.15843e+01
-8.33120e+02  2.52234e+01 -8.00607e+01
-8.23287e+02  2.70881e+01 -7.84167e+01
-8.12642e+02  2.88459e+01 -7.66589e+01
-8.01195e+02  3.04898e+01 -7.47942e+01
-7.88958e+02  3.20135e+01 -7.28300e+01
-7.75941e+02  3.34108e+01 -7.07739e+01
-7.62159e+02  3.46762e+01 -6.86342e+01
-7.47625e+02  3.58048e+01 -6.64193e+01
-7.32353e+02  3.67920e+01 -6.41378e+01
-7.16358e+02  3.76341e+01 -6.17989e+01
-6.99657e+02  3.83276e+01 -5.94117e+01
-6.82265e+02  3.88699e+01 -5.69857e+01
-6.64199e+02  3.92588e+01 -5.45304e+01
-6.45478e+02  3.94927e+01 -5.20555e+01
-6.26120e+02  3.95708e+01 -4.95708e+01
-1.19211e+03  4.53506e+00 -1.54308e+02
-1.19035e+03  9.05221e+00 -1.53881e+02
-1.18741e+03  1.35336e+01 -1.53171e+02
-1.18330e+03  1.79617e+01 -1.52181e+02
-1.17802e+03  2.23188e+01 -1.50915e+02
-1.17158e+03  2.65879e+01 -1.49378e+02
-1.16398e+03  3.07520e+01 -1.47576e+02
-1.15523e+03  3.47947e+01 -1.45517e+02
-1.14534e+03  3.87002e+01 -1.43207e+02
-1.13433e+03  4.24529e+01 -1.40657e+02
-1.12219e+03  4.60381e+01 -1.37876e+02
-1.10895e+03  4.94415e+01 -1.34875e+02
-1.09461e+03  5.26499e+01 -1.31667e+02
-1.07919e+03  5.56504e+01 -1.28263e+02
-1.06270e+03  5.84314e+01 -1.24678e+02
-1.04517e+03  6.09817e+01 -1.20925e+02
-1.02661e+03  6.32914e+01 -1.17020e+02
-1.00703e+03  6.53513e+01 -1.12977e+02
-9.86460e+02  6.71533e+01 -1.08813e+02
-9.64916e+02  6.86902e+01 -1.04544e+02
-9.42419e+02  6.99561e+01 -1.00187e+02
-9.18992e+02  7.09459e+01 -9.57588e+01
-8.94659e+02  7.16556e+01 -9.12774e+01
-8.69442e+02  7.20826e+01 -8.67602e+01
-8.43367e+02  7.22252e+01 -8.22252e+01
-1.49449e+03  7.18708e+00 -2.38696e+02
-1.49228e+03  1.43458e+01 -2.38020e+02
-1.48860e+03  2.14479e+01 -2.36895e+02
-1.48344e+03  2.84653e+01 -2.35326e+02
-1.47682e+03  3.53704e+01 -2.33320e+02
-1.46875e+03  4.21359e+01 -2.30884e+02
-1.45922e+03  4.87352e+01 -2.28029e+02
-1.44826e+03  5.51421e+01 -2.24764e+02
-1.43586e+03  6.13313e+01 -2.21104e+02
-1.42205e+03  6.72785e+01 -2.17062e+02
-1.40683e+03  7.29602e+01 -2.12655e+02
-1.39023e+03  7.83540e+01 -2.07900e+02
-1.37226e+03  8.34385e+01 -2.02815e+02
-1.35293e+03  8.81938e+01 -1.97421e+02
-1.33226e+03  9.26010e+01 -1.91740e+02
-1.31028e+03  9.66427e+01 -1.85792e+02
-1.28701e+03  1.00303e+02 -1.79603e+02
-1.26247e+03  1.03567e+02 -1.73196e+02
-1.23668e+03  1.06423e+02 -1.66597e+02
-1.20967e+03  1.08859e+02 -1.59831e+02
-1.18146e+03  1.10865e+02 -1.52926e+02
-1.15210e+03  1.12434e+02 -1.45909e+02
-1.12159e+03  1.13559e+02 -1.38807e+02
-1.08998e+03  1.14235e+02 -1.31648e+02
-1.05729e+03  1.14461e+02 -1.24461e+02
-1.79098e+03  1.04303e+01 -3.41896e+02
-1.78832e+03  2.08193e+01 -3.40913e+02
-1.78391e+03  3.11262e+01 -3.39281e+02
-1.77773e+03  4.13103e+01 -3.37005e+02
-1.76980e+03  5.13313e+01 -3.34093e+02
-1.76012e+03  6.11498e+01 -3.30558e+02
-1.74871e+03  7.07269e+01 -3.26414e+02
-1.73557e+03  8.00249e+01 -3.21676e+02
-1.72071e+03  8.90071e+01 -3.16364e+02
-1.70416e+03  9.76380e+01 -3.10499e+02
-1.68593e+03  1.05884e+02 -3.04103e+02
-1.66603e+03  1.13711e+02 -2.97202e+02
-1.64449e+03  1.21090e+02 -2.89823e+02
-1.62132e+03  1.27991e+02 -2.81995e+02
-1.59656e+03  1.34387e+02 -2.73750e+02
-1.57022e+03  1.40253e+02 -2.65119e+02
-1.54233e+03  1.45565e+02 -2.56137e+02
-1.51292e+03  1.50302e+02 -2.46839e+02
-1.48201e+03  1.54447e+02 -2.37261e+02
-1.44964e+03  1.57982e+02 -2.27443e+02
-1.41585e+03  1.60893e+02 -2.17422e+02
-1.38065e+03  1.63169e+02 -2.07238e+02
-1.34409e+03  1.64802e+02 -1.96931e+02
-1.30621e+03  1.65784e+02 -1.86542e+02
-1.26704e+03  1.66112e+02 -1.76112e+02
-2.08039e+03  1.42518e+01 -4.63498e+02
-2.07731e+03  2.84473e+01 -4.62156e+02
-2.07218e+03  4.25305e+01 -4.59926e+02
-2.06500e+03  5.64459e+01 -4.56815e+02
-2.05579e+03  7.01385e+01 -4.52837e+02
-2.04455e+03  8.35544e+01 -4.48007e+02
-2.03129e+03  9.66404e+01 -4.42344e+02
-2.01602e+03  1.09345e+02 -4.35871e+02
-1.99877e+03  1.21618e+02 -4.28613e+02
-1.97954e+03  1.33411e+02 -4.20598e+02
-1.95836e+03  1.44678e+02 -4.11859e+02
-1.93525e+03  1.55374e+02 -4.02429e+02
-1.91023e+03  1.65456e+02 -3.92347e+02
-1.88332e+03  1.74886e+02 -3.81651e+02
-1.85456e+03  1.83625e+02 -3.70384e+02
-1.82396e+03  1.91640e+02 -3.58591e+02
-1.79156e+03  1.98898e+02 -3.46318e+02
-1.75740e+03  2.05371e+02 -3.33613e+02
-1.72150e+03  2.11034e+02 -3.20527e+02
-1.68390e+03  2.15864e+02 -3.07112e+02
-1.64464e+03  2.19842e+02 -2.93419e+02
-1.60376e+03  2.22953e+02 -2.79504e+02
-1.56129e+03  2.25183e+02 -2.65420e+02
-1.51729e+03  2.26525e+02 -2.51225e+02
-1.47178e+03  2.26973e+02 -2.36973e+02
-2.36159e+03  1.86366e+01 -6.03025e+02
-2.35810e+03  3.71995e+01 -6.01270e+02
-2.35227e+03  5.56157e+01 -5.98353e+02
-2.34413e+03  7.38124e+01 -5.94286e+02
-2.33367e+03  9.17178e+01 -5.89084e+02
-2.32091e+03  1.09261e+02 -5.82767e+02
-2.30586e+03  1.26373e+02 -5.75362e+02
-2.28853e+03  1.42987e+02 -5.66897e+02
-2.26894e+03  1.59036e+02 -5.57406e+02
-2.24712e+03  1.74458e+02 -5.46925e+02
-2.22307e+03  1.89191e+02 -5.35497e+02
-2.19684e+03  2.03177e+02 -5.23167e+02
-2.16843e+03  2.16362e+02 -5.09982e+02
-2.13789e+03  2.28692e+02 -4.95996e+02
-2.10523e+03  2.40120e+02 -4.81263e+02
-2.07050e+03  2.50601e+02 -4.65841e+02
-2.03373e+03  2.60092e+02 -4.49792e+02
-1.99494e+03  2.68557e+02 -4.33179e+02
-1.95419e+03  2.75962e+02 -4.16066e+02
-1.91151e+03  2.82278e+02 -3.98523e+02
-1.86695e+03  2.87480e+02 -3.80617e+02
-1.82054e+03  2.91548e+02 -3.62421e+02
-1.77233e+03  2.94465e+02 -3.44005e+02
-1.72238e+03  2.96219e+02 -3.25442e+02
-1.67072e+03  2.96805e+02 -3.06805e+02
-2.63347e+03  2.35673e+01 -7.59922e+02
-2.62957e+03  4.70415e+01 -7.57703e+02
-2.62308e+03  7.03301e+01 -7.54015e+02
-2.61400e+03  9.33411e+01 -7.48871e+02
-2.60234e+03  1.15984e+02 -7.42293e+02
-2.58810e+03  1.38169e+02 -7.34306e+02
-2.57132e+03  1.59808e+02 -7.24942e+02
-2.55200e+03  1.80817e+02 -7.14237e+02
-2.53016e+03  2.01113e+02 -7.02234e+02
-2.50582e+03  2.20614e+02 -6.88981e+02
-2.47901e+03  2.39245e+02 -6.74529e+02
-2.44975e+03  2.56932e+02 -6.58936e+02
-2.41808e+03  2.73605e+02 -6.42264e+02
-2.38401e+03  2.89198e+02 -6.24577e+02
-2.34760e+03  3.03650e+02 -6.05946e+02
-2.30887e+03  3.16903e+02 -5.86444e+02
-2.26786e+03  3.28905e+02 -5.66149e+02
-2.22461e+03  3.39610e+02 -5.45140e+02
-2.17917e+03  3.48974e+02 -5.23500e+02
-2.13158e+03  3.56961e+02 -5.01315e+02
-2.08188e+03  3.63540e+02 -4.78673e+02
-2.03013e+03  3.68683e+02 -4.55661e+02
-1.97637e+03  3.72372e+02 -4.32373e+02
-1.92067e+03  3.74591e+02 -4.08899e+02
-1.86307e+03  3.75331e+02 -3.85331e+02
-2.89496e+03  2.90246e+01 -9.33575e+02
-2.89068e+03  5.79345e+01 -9.30842e+02
-2.88354e+03  8.66158e+01 -9.26300e+02
-2.87355e+03  1.14955e+02 -9.19965e+02
-2.86073e+03  1.42841e+02 -9.11863e+02
-2.84509e+03  1.70163e+02 -9.02027e+02
-2.82664e+03  1.96814e+02 -8.90494e+02
-2.80540e+03  2.22688e+02 -8.77311e+02
-2.78139e+03  2.47682e+02 -8.62529e+02
-2.75463e+03  2.71700e+02 -8.46206e+02
-2.72516e+03  2.94645e+02 -8.28408e+02
-2.69300e+03  3.16427e+02 -8.09205e+02
-2.65818e+03  3.36961e+02 -7.88671e+02
-2.62074e+03  3.56165e+02 -7.66889e+02
-2.58071e+03  3.73963e+02 -7.43944e+02
-2.53813e+03  3.90285e+02 -7.19926e+02
-2.49305e+03  4.05067e+02 -6.94931e+02
-2.44551e+03  4.18251e+02 -6.69057e+02
-2.39555e+03  4.29783e+02 -6.42407e+02
-2.34323e+03  4.39620e+02 -6.15085e+02
-2.28860e+03  4.47721e+02 -5.87199e+02
-2.23171e+03  4.54056e+02 -5.58859e+02
-2.17262e+03  4.58599e+02 -5.30178e+02
-2.11138e+03  4.61331e+02 -5.01268e+02
-2.04806e+03  4.62244e+02 -4.72244e+02
-3.14503e+03  3.49868e+01 -1.12330e+03
-3.14037e+03  6.98354e+01 -1.12000e+03
-3.13262e+03  1.04408e+02 -1.11453e+03
-3.12177e+03  1.38569e+02 -1.10689e+03
-3.10784e+03  1.72184e+02 -1.09712e+03
-3.09085e+03  2.05118e+02 -1.08527e+03
-3.07080e+03  2.37243e+02 -1.07137e+03
-3.04773e+03  2.68432e+02 -1.05547e+03
-3.02164e+03  2.98561e+02 -1.03766e+03
-2.99258e+03  3.27513e+02 -1.01798e+03
-2.96056e+03  3.55171e+02 -9.96526e+02
-2.92562e+03  3.81428e+02 -9.73378e+02
-2.88779e+03  4.06180e+02 -9.48626e+02
-2.84711e+03  4.29328e+02 -9.22369e+02
-2.80363e+03  4.50783e+02 -8.94710e+02
-2.75737e+03  4.70458e+02 -8.65759e+02
-2.70840e+03  4.88276e+02 -8.35630e+02
-2.65675e+03  5.04168e+02 -8.04441e+02
-2.60248e+03  5.18069e+02 -7.72316e+02
-2.54564e+03  5.29927e+02 -7.39381e+02
-2.48629e+03  5.39692e+02 -7.05767e+02
-2.42448e+03  5.47328e+02 -6.71606e+02
-2.36029e+03  5.52804e+02 -6.37033e+02
-2.29376e+03  5.56098e+02 -6.02185e+02
-2.22497e+03  5.57198e+02 -5.67198e+02
-3.38268e+03  4.14305e+01 -1.32834e+03
-3.37767e+03  8.26973e+01 -1.32444e+03
-3.36933e+03  1.23638e+02 -1.31795e+03
-3.35767e+03  1.64090e+02 -1.30891e+03
-3.34269e+03  2.03895e+02 -1.29735e+03
-3.32441e+03  2.42896e+02 -1.28330e+03
-3.30285e+03  2.80937e+02 -1.26684e+03
-3.27803e+03  3.17870e+02 -1.24802e+03
-3.24997e+03  3.53549e+02 -1.22692e+03
-3.21871e+03  3.87832e+02 -1.20362e+03
-3.18427e+03  4.20585e+02 -1.17822e+03
-3.14669e+03  4.51677e+02 -1.15081e+03
-3.10601e+03  4.80988e+02 -1.12150e+03
-3.06225e+03  5.08400e+02 -1.09040e+03
-3.01548e+03  5.33805e+02 -1.05765e+03
-2.96573e+03  5.57104e+02 -1.02337e+03
-2.91305e+03  5.78204e+02 -9.87690e+02
-2.85750e+03  5.97022e+02 -9.50757e+02
-2.79913e+03  6.13485e+02 -9.12715e+02
-2.73800e+03  6.27526e+02 -8.73715e+02
-2.67416e+03  6.39090e+02 -8.33910e+02
-2.60769e+03  6.48132e+02 -7.93457e+02
-2.53864e+03  6.54617e+02 -7.52517e+02
-2.46709e+03  6.58517e+02 -7.11250e+02
-2.39310e+03  6.59819e+02 -6.69819e+02
-3.60698e+03  4.83301e+01 -1.54789e+03
-3.60164e+03  9.64693e+01 -1.54334e+03
-3.59275e+03  1.44228e+02 -1.53577e+03
-3.58031e+03  1.91417e+02 -1.52522e+03
-3.56434e+03  2.37851e+02 -1.51173e+03
-3.54484e+03  2.83347e+02 -1.49535e+03
-3.52185e+03  3.27724e+02 -1.47615e+03
-3.49539e+03  3.70807e+02 -1.45420e+03
-3.46547e+03  4.12427e+02 -1.42958e+03
-3.43214e+03  4.52420e+02 -1.40241e+03
-3.39542e+03  4.90627e+02 -1.37277e+03
-3.35535e+03  5.26898e+02 -1.34079e+03
-3.31196e+03  5.61089e+02 -1.30660e+03
-3.26531e+03  5.93066e+02 -1.27033e+03
-3.21543e+03  6.22703e+02 -1.23212e+03
-3.16239e+03  6.49882e+02 -1.19213e+03
-3.10622e+03  6.74496e+02 -1.15051e+03
-3.04698e+03  6.96448e+02 -1.10743e+03
-2.98474e+03  7.15652e+02 -1.06305e+03
-2.91955e+03  7.32031e+02 -1.01755e+03
-2.85148e+03  7.45521e+02 -9.71120e+02
-2.78060e+03  7.56069e+02 -9.23931e+02
-2.70698e+03  7.63634e+02 -8.76172e+02
-2.63068e+03  7.68184e+02 -8.28033e+02
-2.55178e+03  7.69703e+02 -7.79703e+02
-3.81705e+03  5.56586e+01 -1.78108e+03
-3.81140e+03  1.11097e+02 -1.77584e+03
-3.80199e+03  1.66098e+02 -1.76713e+03
-3.78882e+03  2.20443e+02 -1.75498e+03
-3.77192e+03  2.73917e+02 -1.73945e+03
-3.75129e+03  3.26311e+02 -1.72058e+03
-3.72696e+03  3.77417e+02 -1.69847e+03
-3.69896e+03  4.27034e+02 -1.67319e+03
-3.66730e+03  4.74965e+02 -1.64484e+03
-3.63203e+03  5.21022e+02 -1.61354e+03
-3.59316e+03  5.65023e+02 -1.57941e+03
-3.55076e+03  6.06793e+02 -1.54258e+03
-3.50485e+03  6.46169e+02 -1.50321e+03
-3.45548e+03  6.82995e+02 -1.46144e+03
-3.40270e+03  7.17125e+02 -1.41744e+03
-3.34656e+03  7.48426e+02 -1.37138e+03
-3.28712e+03  7.76772e+02 -1.32345e+03
-3.22444e+03  8.02053e+02 -1.27383e+03
-3.15857e+03  8.24168e+02 -1.22273e+03
-3.08959e+03  8.43031e+02 -1.17033e+03
-3.01755e+03  8.58567e+02 -1.11686e+03
-2.94254e+03  8.70715e+02 -1.06251e+03
-2.86463e+03  8.79426e+02 -1.00751e+03
-2.78389e+03  8.84666e+02 -9.52074e+02
-2.70040e+03  8.86416e+02 -8.96416e+02
-4.01206e+03  6.33869e+01 -2.02700e+03
-4.00612e+03  1.26523e+02 -2.02103e+03
-3.99622e+03  1.89161e+02 -2.01111e+03
-3.98238e+03  2.51051e+02 -1.99728e+03
-3.96462e+03  3.11951e+02 -1.97958e+03
-3.94294e+03  3.71620e+02 -1.95810e+03
-3.91737e+03  4.29822e+02 -1.93292e+03
-3.88793e+03  4.86328e+02 -1.90412e+03
-3.85465e+03  5.40915e+02 -1.87184e+03
-3.81758e+03  5.93367e+02 -1.83620e+03
-3.77673e+03  6.43477e+02 -1.79733e+03
-3.73216e+03  6.91047e+02 -1.75539e+03
-3.68390e+03  7.35891e+02 -1.71054e+03
-3.63201e+03  7.77830e+02 -1.66297e+03
-3.57653e+03  8.16699e+02 -1.61286e+03
-3.51753e+03  8.52346e+02 -1.56041e+03
-3.45505e+03  8.84628e+02 -1.50582e+03
-3.38916e+03  9.13419e+02 -1.44932e+03
-3.31993e+03  9.38605e+02 -1.39112e+03
-3.24742e+03  9.60088e+02 -1.33145e+03
-3.17171e+03  9.77781e+02 -1.27055e+03
-3.09287e+03  9.91615e+02 -1.20866e+03
-3.01097e+03  1.00154e+03 -1.14602e+03
-2.92611e+03  1.00750e+03 -1.08288e+03
-2.83835e+03  1.00950e+03 -1.01950e+03
-4.19123e+03  7.14846e+01 -2.28467e+03
-4.18502e+03  1.42687e+02 -2.27794e+03
-4.17469e+03  2.13326e+02 -2.26675e+03
-4.16023e+03  2.83123e+02 -2.25115e+03
-4.14167e+03  3.51803e+02 -2.23120e+03
-4.11902e+03  4.19095e+02 -2.20697e+03
-4.09231e+03  4.84732e+02 -2.17857e+03
-4.06156e+03  5.48457e+02 -2.14610e+03
-4.02679e+03  6.10017e+02 -2.10969e+03
-3.98806e+03  6.69169e+02 -2.06949e+03
-3.94539e+03  7.25681e+02 -2.02566e+03
-3.89883e+03  7.79329e+02 -1.97836e+03
-3.84842e+03  8.29901e+02 -1.92779e+03
-3.79421e+03  8.77198e+02 -1.87414e+03
-3.73625e+03  9.21033e+02 -1.81763e+03
-3.67461e+03  9.61233e+02 -1.75848e+03
-3.60935e+03  9.97639e+02 -1.69692e+03
-3.54052e+03  1.03011e+03 -1.63319e+03
-3.46819e+03  1.05851e+03 -1.56755e+03
-3.39245e+03  1.08274e+03 -1.50026e+03
-3.31335e+03  1.10269e+03 -1.43158e+03
-3.23099e+03  1.11829e+03 -1.36178e+03
-3.14544e+03  1.12948e+03 -1.29115e+03
-3.05678e+03  1.13621e+03 -1.21994e+03
-2.96511e+03  1.13846e+03 -1.14846e+03
-4.35386e+03  7.99196e+01 -2.55308e+03
-4.34741e+03  1.59524e+02 -2.54555e+03
-4.33667e+03  2.38498e+02 -2.53305e+03
-4.32166e+03  3.16531e+02 -2.51560e+03
-4.30238e+03  3.93315e+02 -2.49330e+03
-4.27885e+03  4.68547e+02 -2.46621e+03
-4.25110e+03  5.41930e+02 -2.43446e+03
-4.21915e+03  6.13174e+02 -2.39815e+03
-4.18304e+03  6.81998e+02 -2.35745e+03
-4.14281e+03  7.48130e+02 -2.31251e+03
-4.09848e+03  8.11310e+02 -2.26350e+03
-4.05011e+03  8.71288e+02 -2.21062e+03
-3.99774e+03  9.27828e+02 -2.15408e+03
-3.94143e+03  9.80706e+02 -2.09411e+03
-3.88123e+03  1.02971e+03 -2.03093e+03
-3.81720e+03  1.07466e+03 -1.96479e+03
-3.74940e+03  1.11536e+03 -1.89597e+03
-3.67790e+03  1.15166e+03 -1.82473e+03
-3.60277e+03  1.18342e+03 -1.75134e+03
-3.52408e+03  1.21050e+03 -1.67611e+03
-3.44192e+03  1.23281e+03 -1.59933e+03
-3.35636e+03  1.25025e+03 -1.52129e+03
-3.26749e+03  1.26276e+03 -1.44232e+03
-3.17539e+03  1.27028e+03 -1.36272e+03
-3.08016e+03  1.27280e+03 -1.28280e+03
-4.49930e+03  8.86588e+01 -2.83116e+03
-4.49264e+03  1.76967e+02 -2.82282e+03
-4.48154e+03  2.64578e+02 -2.80894e+03
-4.46603e+03  3.51144e+02 -2.78959e+03
-4.44610e+03  4.36324e+02 -2.76484e+03
-4.42179e+03  5.19783e+02 -2.73480e+03
-4.39311e+03  6.01190e+02 -2.69957e+03
-4.36010e+03  6.80224e+02 -2.65930e+03
-4.32278e+03  7.56574e+02 -2.61414e+03
-4.28120e+03  8.29938e+02 -2.56429e+03
-4.23540e+03  9.00027e+02 -2.50992e+03
-4.18541e+03  9.66563e+02 -2.45126e+03
-4.13129e+03  1.02929e+03 -2.38854e+03
-4.07310e+03  1.08795e+03 -2.32200e+03
-4.01089e+03  1.14231e+03 -2.25191e+03
-3.94471e+03  1.19217e+03 -2.17855e+03
-3.87465e+03  1.23732e+03 -2.10220e+03
-3.80076e+03  1.27759e+03 -2.02316e+03
-3.72312e+03  1.31282e+03 -1.94176e+03
-3.64181e+03  1.34287e+03 -1.85830e+03
-3.55690e+03  1.36761e+03 -1.77312e+03
-3.46848e+03  1.38696e+03 -1.68655e+03
-3.37664e+03  1.40084e+03 -1.59894e+03
-3.28147e+03  1.40919e+03 -1.51063e+03
-3.18306e+03  1.41197e+03 -1.42197e+03
-4.62699e+03  9.76676e+01 -3.11783e+03
-4.62014e+03  1.94949e+02 -3.10863e+03
-4.60873e+03  2.91462e+02 -3.09335e+03
-4.59277e+03  3.86824e+02 -3.07203e+03
-4.57228e+03  4.80660e+02 -3.04477e+03
-4.54728e+03  5.72599e+02 -3.01167e+03
-4.51779e+03  6.62278e+02 -2.97286e+03
-4.48384e+03  7.49343e+02 -2.92850e+03
-4.44546e+03  8.33451e+02 -2.87876e+03
-4.40270e+03  9.14270e+02 -2.82383e+03
-4.35560e+03  9.91480e+02 -2.76394e+03
-4.30419e+03  1.06478e+03 -2.69932e+03
-4.24854e+03  1.13387e+03 -2.63023e+03
-4.18869e+03  1.19849e+03 -2.55693e+03
-4.12471e+03  1.25838e+03 -2.47972e+03
-4.05666e+03  1.31331e+03 -2.39890e+03
-3.98461e+03  1.36305e+03 -2.31479e+03
-3.90863e+03  1.40741e+03 -2.22773e+03
-3.82878e+03  1.44622e+03 -2.13805e+03
-3.74516e+03  1.47932e+03 -2.04611e+03
-3.65784e+03  1.50658e+03 -1.95227e+03
-3.56692e+03  1.52790e+03 -1.85691e+03
-3.47247e+03  1.54318e+03 -1.76040e+03
-3.37460e+03  1.55238e+03 -1.66312e+03
-3.27339e+03  1.55545e+03 -1.56545e+03
-4.73642e+03  1.06910e+02 -3.41194e+03
-4.72941e+03  2.13398e+02 -3.40187e+03
-4.71773e+03  3.19045e+02 -3.38514e+03
-4.70139e+03  4.23431e+02 -3.36181e+03
-4.68042e+03  5.26148e+02 -3.33196e+03
-4.65482e+03  6.26787e+02 -3.29573e+03
-4.62463e+03  7.24953e+02 -3.25325e+03
-4.58988e+03  8.20258e+02 -3.20469e+03
-4.55060e+03  9.12325e+02 -3.15024e+03
-4.50683e+03  1.00079e+03 -3.09012e+03
-4.45861e+03  1.08531e+03 -3.02456e+03
-4.40599e+03  1.16554e+03 -2.95383e+03
-4.34902e+03  1.24118e+03 -2.87819e+03
-4.28776e+03  1.31191e+03 -2.79796e+03
-4.22226e+03  1.37747e+03 -2.71344e+03
-4.15261e+03  1.43759e+03 -2.62497e+03
-4.07885e+03  1.49204e+03 -2.53291e+03
-4.00107e+03  1.54060e+03 -2.43760e+03
-3.91933e+03  1.58308e+03 -2.33944e+03
-3.83374e+03  1.61932e+03 -2.23880e+03
-3.74435e+03  1.64916e+03 -2.13608e+03
-3.65128e+03  1.67249e+03 -2.03169e+03
-3.55460e+03  1.68922e+03 -1.92605e+03
-3.45441e+03  1.69929e+03 -1.81956e+03
-3.35081e+03  1.70265e+03 -1.71265e+03
-4.82716e+03  1.16351e+02 -3.71234e+03
-4.82001e+03  2.32242e+02 -3.70138e+03
-4.80811e+03  3.47217e+02 -3.68317e+03
-4.79146e+03  4.60821e+02 -3.65778e+03
-4.77008e+03  5.72608e+02 -3.62530e+03
-4.74399e+03  6.82134e+02 -3.58587e+03
-4.71323e+03  7.88968e+02 -3.53964e+03
-4.67781e+03  8.92688e+02 -3.48679e+03
-4.63778e+03  9.92885e+02 -3.42753e+03
-4.59316e+03  1.08916e+03 -3.36210e+03
-4.54402e+03  1.18115e+03 -3.29076e+03
-4.49039e+03  1.26846e+03 -3.21377e+03
-4.43233e+03  1.35078e+03 -3.13146e+03
-4.36990e+03  1.42776e+03 -3.04414e+03
-4.30315e+03  1.49911e+03 -2.95216e+03
-4.23216e+03  1.56454e+03 -2.85588e+03
-4.15699e+03  1.62379e+03 -2.75569e+03
-4.07771e+03  1.67664e+03 -2.65197e+03
-3.99442e+03  1.72287e+03 -2.54513e+03
-3.90718e+03  1.76231e+03 -2.43560e+03
-3.81608e+03  1.79478e+03 -2.32382e+03
-3.72122e+03  1.82018e+03 -2.21021e+03
-3.62269e+03  1.83839e+03 -2.09524e+03
-3.52058e+03  1.84934e+03 -1.97935e+03
-3.41500e+03  1.85300e+03 -1.86300e+03
-4.89884e+03  1.25952e+02 -4.01784e+03
-4.89159e+03  2.51406e+02 -4.00598e+03
-4.87951e+03  3.75868e+02 -3.98627e+03
-4.86261e+03  4.98847e+02 -3.95878e+03
-4.84092e+03  6.19857e+02 -3.92362e+03
-4.81445e+03  7.38421e+02 -3.88094e+03
-4.78322e+03  8.54070e+02 -3.83089e+03
-4.74728e+03  9.66349e+02 -3.77368e+03
-4.70665e+03  1.07481e+03 -3.70954e+03
-4.66138e+03  1.17904e+03 -3.63871e+03
-4.61150e+03  1.27861e+03 -3.56147e+03
-4.55708e+03  1.37313e+03 -3.47814e+03
-4.49815e+03  1.46224e+03 -3.38903e+03
-4.43479e+03  1.54557e+03 -3.29451e+03
-4.36706e+03  1.62281e+03 -3.19494e+03
-4.29501e+03  1.69364e+03 -3.09071e+03
-4.21872e+03  1.75778e+03 -2.98225e+03
-4.13827e+03  1.81499e+03 -2.86997e+03
-4.05374e+03  1.86504e+03 -2.75432e+03
-3.96520e+03  1.90772e+03 -2.63576e+03
-3.87276e+03  1.94288e+03 -2.51475e+03
-3.77649e+03  1.97037e+03 -2.39177e+03
-3.67649e+03  1.99008e+03 -2.26731e+03
-3.57287e+03  2.00194e+03 -2.14185e+03
-3.46571e+03  2.00590e+03 -2.01590e+03
-4.95119e+03  1.35675e+02 -4.32724e+03
-4.94386e+03  2.70814e+02 -4.31446e+03
-4.93165e+03  4.04884e+02 -4.29323e+03
-4.91458e+03  5.37356e+02 -4.26362e+03
-4.89265e+03  6.67708e+02 -4.22575e+03
-4.86590e+03  7.95425e+02 -4.17976e+03
-4.83434e+03  9.20002e+02 -4.12585e+03
-4.79801e+03  1.04095e+03 -4.06423e+03
-4.75695e+03  1.15779e+03 -3.99513e+03
-4.71119e+03  1.27006e+03 -3.91883e+03
-4.66078e+03  1.37731e+03 -3.83564e+03
-4.60578e+03  1.47913e+03 -3.74587e+03
-4.54622e+03  1.57512e+03 -3.64988e+03
-4.48219e+03  1.66489e+03 -3.54806e+03
-4.41372e+03  1.74808e+03 -3.44081e+03
-4.34091e+03  1.82438e+03 -3.32854e+03
-4.26381e+03  1.89348e+03 -3.21170e+03
-4.18250e+03  1.95510e+03 -3.09075e+03
-4.09706e+03  2.00901e+03 -2.96618e+03
-4.00758e+03  2.05500e+03 -2.83846e+03
-3.91414e+03  2.09287e+03 -2.70811e+03
-3.81684e+03  2.12248e+03 -2.57563e+03
-3.71578e+03  2.14371e+03 -2.44156e+03
-3.61105e+03  2.15649e+03 -2.30642e+03
-3.50275e+03  2.16075e+03 -2.17075e+03
-4.98401e+03  1.45482e+02 -4.63931e+03
-4.97663e+03  2.90390e+02 -4.62561e+03
-4.96434e+03  4.34151e+02 -4.60284e+03
-4.94715e+03  5.76199e+02 -4.57109e+03
-4.92508e+03  7.15974e+02 -4.53048e+03
-4.89814e+03  8.52923e+02 -4.48118e+03
-4.86638e+03  9.86505e+02 -4.42337e+03
-4.82981e+03  1.11619e+03 -4.35729e+03
-4.78847e+03  1.24148e+03 -4.28320e+03
-4.74241e+03  1.36186e+03 -4.20138e+03
-4.69167e+03  1.47687e+03 -4.11217e+03
-4.63630e+03  1.58605e+03 -4.01592e+03
-4.57635e+03  1.68898e+03 -3.91300e+03
-4.51189e+03  1.78523e+03 -3.80381e+03
-4.44297e+03  1.87444e+03 -3.68880e+03
-4.36967e+03  1.95626e+03 -3.56842e+03
-4.29206e+03  2.03035e+03 -3.44313e+03
-4.21021e+03  2.09643e+03 -3.31345e+03
-4.12421e+03  2.15424e+03 -3.17986e+03
-4.03414e+03  2.20354e+03 -3.04291e+03
-3.94008e+03  2.24415e+03 -2.90314e+03
-3.84214e+03  2.27590e+03 -2.76109e+03
-3.74040e+03  2.29867e+03 -2.61733e+03
-3.63498e+03  2.31237e+03 -2.47242e+03
-3.52596e+03  2.31694e+03 -2.32694e+03
-4.99715e+03  1.55335e+02 -4.95282e+03
-4.98975e+03  3.10056e+02 -4.93820e+03
-4.97743e+03  4.63554e+02 -4.91389e+03
-4.96019e+03  6.15222e+02 -4.87998e+03
-4.93806e+03  7.64462e+02 -4.83663e+03
-4.91106e+03  9.10686e+02 -4.78398e+03
-4.87921e+03  1.05332e+03 -4.72226e+03
-4.84254e+03  1.19179e+03 -4.65171e+03
-4.80110e+03  1.32556e+03 -4.57260e+03
-4.75492e+03  1.45409e+03 -4.48524e+03
-4.70404e+03  1.57689e+03 -4.38999e+03
-4.64853e+03  1.69347e+03 -4.28721e+03
-4.58842e+03  1.80336e+03 -4.17732e+03
-4.52379e+03  1.90614e+03 -4.06075e+03
-4.45469e+03  2.00139e+03 -3.93795e+03
-4.38120e+03  2.08874e+03 -3.80941e+03
-4.30338e+03  2.16785e+03 -3.67564e+03
-4.22132e+03  2.23841e+03 -3.53717e+03
-4.13509e+03  2.30013e+03 -3.39454e+03
-4.04477e+03  2.35277e+03 -3.24832e+03
-3.95047e+03  2.39613e+03 -3.09907e+03
-3.85227e+03  2.43003e+03 -2.94741e+03
-3.75027e+03  2.45435e+03 -2.79391e+03
-3.64456e+03  2.46897e+03 -2.63919e+03
-3.53526e+03  2.47385e+03 -2.48385e+03
-4.99057e+03  1.65194e+02 -5.26655e+03
-4.98318e+03  3.29735e+02 -5.25099e+03
-4.97088e+03  4.92976e+02 -5.22514e+03
-4.95366e+03  6.54270e+02 -5.18908e+03
-4.93156e+03  8.12983e+02 -5.14297e+03
-4.90459e+03  9.68488e+02 -5.08699e+03
-4.87279e+03  1.12017e+03 -5.02135e+03
-4.83617e+03  1.26743e+03 -4.94632e+03
-4.79478e+03  1.40969e+03 -4.86218e+03
-4.74866e+03  1.54639e+03 -4.76929e+03
-4.69785e+03  1.67698e+03 -4.66799e+03
-4.64241e+03  1.80095e+03 -4.55869e+03
-4.58238e+03  1.91782e+03 -4.44182e+03
-4.51783e+03  2.02712e+03 -4.31785e+03
-4.44883e+03  2.12842e+03 -4.18725e+03
-4.37543e+03  2.22132e+03 -4.05056e+03
-4.29771e+03  2.30545e+03 -3.90830e+03
-4.21576e+03  2.38048e+03 -3.76104e+03
-4.12964e+03  2.44612e+03 -3.60936e+03
-4.03945e+03  2.50210e+03 -3.45385e+03
-3.94527e+03  2.54822e+03 -3.29514e+03
-3.84720e+03  2.58427e+03 -3.13384e+03
-3.74533e+03  2.61012e+03 -2.97060e+03
-3.63977e+03  2.62568e+03 -2.80606e+03
-3.53061e+03  2.63087e+03 -2.64087e+03
-4.96430e+03  1.75021e+02 -5.57924e+03
-4.95695e+03  3.49350e+02 -5.56276e+03
-4.94470e+03  5.22301e+02 -5.53536e+03
-4.92758e+03  6.93190e+02 -5.49717e+03
-4.90560e+03  8.61344e+02 -5.44831e+03
-4.87877e+03  1.02610e+03 -5.38900e+03
-4.84713e+03  1.18680e+03 -5.31945e+03
-4.81071e+03  1.34283e+03 -5.23996e+03
-4.76954e+03  1.49355e+03 -5.15082e+03
-4.72366e+03  1.63837e+03 -5.05240e+03
-4.67312e+03  1.77674e+03 -4.94507e+03
-4.61796e+03  1.90808e+03 -4.82927e+03
-4.55826e+03  2.03190e+03 -4.70545e+03
-4.49405e+03  2.14770e+03 -4.57410e+03
-4.42540e+03  2.25503e+03 -4.43574e+03
-4.35239e+03  2.35345e+03 -4.29091e+03
-4.27509e+03  2.44259e+03 -4.14019e+03
-4.19356e+03  2.52209e+03 -3.98417e+03
-4.10790e+03  2.59163e+03 -3.82347e+03
-4.01818e+03  2.65094e+03 -3.65871e+03
-3.92450e+03  2.69980e+03 -3.49056e+03
-3.82694e+03  2.73800e+03 -3.31967e+03
-3.72561e+03  2.76539e+03 -3.14672e+03
-3.62060e+03  2.78187e+03 -2.97239e+03
-3.51202e+03  2.78737e+03 -2.79737e+03
-4.91843e+03  1.84776e+02 -5.88966e+03
-4.91115e+03  3.68822e+02 -5.87226e+03
-4.89902e+03  5.51413e+02 -5.84334e+03
-4.88206e+03  7.31828e+02 -5.80302e+03
-4.86027e+03  9.09355e+02 -5.75144e+03
-4.83370e+03  1.08329e+03 -5.68882e+03
-4.80235e+03  1.25295e+03 -5.61540e+03
-4.76626e+03  1.41767e+03 -5.53147e+03
-4.72547e+03  1.57680e+03 -5.43737e+03
-4.68001e+03  1.72970e+03 -5.33345e+03
-4.62994e+03  1.87577e+03 -5.22015e+03
-4.57530e+03  2.01444e+03 -5.09789e+03
-4.51614e+03  2.14516e+03 -4.96717e+03
-4.45253e+03  2.26741e+03 -4.82850e+03
-4.38452e+03  2.38072e+03 -4.68243e+03
-4.31218e+03  2.48463e+03 -4.52953e+03
-4.23559e+03  2.57874e+03 -4.37041e+03
-4.15482e+03  2.66266e+03 -4.20569e+03
-4.06995e+03  2.73608e+03 -4.03603e+03
-3.98106e+03  2.79871e+03 -3.86209e+03
-3.88824e+03  2.85028e+03 -3.68456e+03
-3.79159e+03  2.89061e+03 -3.50415e+03
-3.69119e+03  2.91953e+03 -3.32156e+03
-3.58715e+03  2.93693e+03 -3.13751e+03
-3.47957e+03  2.94273e+03 -2.95273e+03
-4.85315e+03  1.94422e+02 -6.19659e+03
-4.84597e+03  3.88076e+02 -6.17829e+03
-4.83400e+03  5.80199e+02 -6.14786e+03
-4.81726e+03  7.70031e+02 -6.10543e+03
-4.79577e+03  9.56825e+02 -6.05116e+03
-4.76954e+03  1.13984e+03 -5.98527e+03
-4.73861e+03  1.31836e+03 -5.90801e+03
-4.70300e+03  1.49168e+03 -5.81970e+03
-4.66275e+03  1.65911e+03 -5.72069e+03
-4.61790e+03  1.81999e+03 -5.61135e+03
-4.56849e+03  1.97369e+03 -5.49213e+03
-4.51458e+03  2.11960e+03 -5.36349e+03
-4.45620e+03  2.25714e+03 -5.22595e+03
-4.39343e+03  2.38578e+03 -5.08004e+03
-4.32633e+03  2.50500e+03 -4.92634e+03
-4.25495e+03  2.61434e+03 -4.76546e+03
-4.17938e+03  2.71335e+03 -4.59803e+03
-4.09968e+03  2.80166e+03 -4.42471e+03
-4.01593e+03  2.87891e+03 -4.24619e+03
-3.92822e+03  2.94481e+03 -4.06318e+03
-3.83664e+03  2.99907e+03 -3.87638e+03
-3.74126e+03  3.04151e+03 -3.68655e+03
-3.64220e+03  3.07194e+03 -3.49443e+03
-3.53954e+03  3.09024e+03 -3.30077e+03
-3.43339e+03  3.09635e+03 -3.10635e+03
-4.76872e+03  2.03920e+02 -6.49882e+03
-4.76166e+03  4.07034e+02 -6.47962e+03
-4.74990e+03  6.08543e+02 -6.44771e+03
-4.73346e+03  8.07649e+02 -6.40320e+03
-4.71234e+03  1.00357e+03 -6.34628e+03
-4.68657e+03  1.19553e+03 -6.27717e+03
-4.65617e+03  1.38277e+03 -6.19615e+03
-4.62119e+03  1.56455e+03 -6.10352e+03
-4.58164e+03  1.74016e+03 -5.99967e+03
-4.53756e+03  1.90890e+03 -5.88499e+03
-4.48902e+03  2.07011e+03 -5.75995e+03
-4.43604e+03  2.22315e+03 -5.62503e+03
-4.37868e+03  2.36741e+03 -5.48076e+03
-4.31700e+03  2.50233e+03 -5.32772e+03
-4.25106e+03  2.62738e+03 -5.16652e+03
-4.18093e+03  2.74205e+03 -4.99777e+03
-4.10667e+03  2.84591e+03 -4.82217e+03
-4.02835e+03  2.93853e+03 -4.64038e+03
-3.94607e+03  3.01956e+03 -4.45314e+03
-3.85988e+03  3.08867e+03 -4.26118e+03
-3.76989e+03  3.14559e+03 -4.06526e+03
-3.67618e+03  3.19009e+03 -3.86616e+03
-3.57884e+03  3.22201e+03 -3.66465e+03
-3.47797e+03  3.24121e+03 -3.46154e+03
-3.37366e+03  3.24762e+03 -3.25762e+03
-4.66547e+03  2.13233e+02 -6.79516e+03
-4.65857e+03  4.25623e+02 -6.77508e+03
-4.64706e+03  6.36334e+02 -6.74171e+03
-4.63097e+03  8.44533e+02 -6.69517e+03
-4.61031e+03  1.04940e+03 -6.63565e+03
-4.58510e+03  1.25013e+03 -6.56339e+03
-4.55536e+03  1.44592e+03 -6.47866e+03
-4.52113e+03  1.63600e+03 -6.38181e+03
-4.48244e+03  1.81963e+03 -6.27321e+03
-4.43932e+03  1.99608e+03 -6.15329e+03
-4.39182e+03  2.16465e+03 -6.02254e+03
-4.33999e+03  2.32467e+03 -5.88146e+03
-4.28387e+03  2.47553e+03 -5.73060e+03
-4.22353e+03  2.61661e+03 -5.57058e+03
-4.15902e+03  2.74736e+03 -5.40201e+03
-4.09040e+03  2.86728e+03 -5.22556e+03
-4.01775e+03  2.97588e+03 -5.04193e+03
-3.94113e+03  3.07273e+03 -4.85185e+03
-3.86063e+03  3.15746e+03 -4.65606e+03
-3.77631e+03  3.22972e+03 -4.45533e+03
-3.68827e+03  3.28924e+03 -4.25046e+03
-3.59658e+03  3.33578e+03 -4.04226e+03
-3.50135e+03  3.36915e+03 -3.83155e+03
-3.40266e+03  3.38923e+03 -3.61916e+03
-3.30062e+03  3.39593e+03 -3.40593e+03
-4.54381e+03  2.22323e+02 -7.08443e+03
-4.53708e+03  4.43768e+02 -7.06350e+03
-4.52588e+03  6.63463e+02 -7.02870e+03
-4.51021e+03  8.80538e+02 -6.98018e+03
-4.49008e+03  1.09414e+03 -6.91812e+03
-4.46553e+03  1.30342e+03 -6.84278e+03
-4.43657e+03  1.50756e+03 -6.75444e+03
-4.40323e+03  1.70575e+03 -6.65345e+03
-4.36555e+03  1.89721e+03 -6.54023e+03
-4.32355e+03  2.08118e+03 -6.41520e+03
-4.27729e+03  2.25693e+03 -6.27887e+03
-4.22681e+03  2.42378e+03 -6.13177e+03
-4.17216e+03  2.58107e+03 -5.97449e+03
-4.11339e+03  2.72816e+03 -5.80764e+03
-4.05056e+03  2.86449e+03 -5.63188e+03
-3.98374e+03  2.98952e+03 -5.44791e+03
-3.91298e+03  3.10275e+03 -5.25646e+03
-3.83836e+03  3.20373e+03 -5.05827e+03
-3.75995e+03  3.29207e+03 -4.85413e+03
-3.67783e+03  3.36741e+03 -4.64485e+03
-3.59209e+03  3.42947e+03 -4.43125e+03
-3.50279e+03  3.47799e+03 -4.21417e+03
-3.41005e+03  3.51279e+03 -3.99448e+03
-3.31393e+03  3.53372e+03 -3.77303e+03
-3.21455e+03  3.54071e+03 -3.55071e+03
-4.40422e+03  2.31156e+02 -7.36549e+03
-4.39770e+03  4.61399e+02 -7.34373e+03
-4.38683e+03  6.89822e+02 -7.30755e+03
-4.37164e+03  9.15521e+02 -7.25710e+03
-4.35214e+03  1.13761e+03 -7.19258e+03
-4.32834e+03  1.35521e+03 -7.11424e+03
-4.30027e+03  1.56745e+03 -7.02239e+03
-4.26796e+03  1.77352e+03 -6.91740e+03
-4.23143e+03  1.97258e+03 -6.79967e+03
-4.19073e+03  2.16386e+03 -6.66968e+03
-4.14589e+03  2.34660e+03 -6.52793e+03
-4.09696e+03  2.52008e+03 -6.37499e+03
-4.04399e+03  2.68361e+03 -6.21146e+03
-3.98702e+03  2.83655e+03 -6.03798e+03
-3.92612e+03  2.97830e+03 -5.85524e+03
-3.86135e+03  3.10829e+03 -5.66396e+03
-3.79277e+03  3.22602e+03 -5.46490e+03
-3.72044e+03  3.33101e+03 -5.25883e+03
-3.64444e+03  3.42286e+03 -5.04659e+03
-3.56484e+03  3.50120e+03 -4.82899e+03
-3.48173e+03  3.56572e+03 -4.60690e+03
-3.39518e+03  3.61617e+03 -4.38120e+03
-3.30528e+03  3.65235e+03 -4.15278e+03
-3.21212e+03  3.67411e+03 -3.92253e+03
-3.11579e+03  3.68138e+03 -3.69138e+03
